1:[0.7329106822467361, -0.6115372708149296, 0.2302782455416231, -0.18930406198263047]
2:[0.622972297411049, -0.5269742545285763, 0.439151155660832, -0.37596530984148846]
3:[0.4590226788137329, -0.382519428058245, 0.6125269474615094, -0.5174821795251919]
4:[0.24546765286998212, -0.20538777339570213, 0.7229305080074528, -0.6123177071799768]
5:[0.011134794680015336, -0.005679017203668033, 0.7638804281399647, -0.64523674462614]
6:[-0.22887181897342943, 0.1904653162953679, 0.7319008194544381, -0.6129125910358029]
7:[-0.4443694570051093, 0.3698168408265683, 0.6241541036027832, -0.525550135456026]
8:[0.6154825291556423, -0.5143233455377931, -0.4548713920781904, 0.3869686928006385]
9:[0.7283177834517554, -0.6062562955989574, -0.24233929991445657, 0.20803406949709674]
10:[0.7682246416811408, -0.6400792608008314, -0.007339932266428127, 0.008692824677190014]
11:[0.863427042217306, -0.4957071916989723, 0.0818816990352123, -0.045425876203983424]
12:[0.850610339914188, -0.4873339714518922, 0.1713967125215666, -0.09793271586551448]
13:[0.828204661359835, -0.474665154456861, 0.258042394363916, -0.14894345489890776]
14:[0.7966761781575181, -0.4563635209258768, 0.34319380479699685, -0.19813484366316853]
15:[0.7568695955220589, -0.4328446048737559, 0.4233950778668594, -0.24602961497363152]
16:[0.7085042814664102, -0.40511163659441646, 0.4994099876638573, -0.2906818007050753]
17:[0.652315215605506, -0.3718216288858716, 0.57032305650499, -0.3331143152147703]
18:[0.5879282252982938, -0.3366482578478739, 0.6355848732326916, -0.37018943975128943]
19:[0.5175249085561645, -0.29741841148143605, 0.6933156419723059, -0.4037619077282081]
20:[0.44079552363361235, -0.255042970045044, 0.7435712577169639, -0.43330609789430014]
21:[0.3609510800345427, -0.2085410623883089, 0.7861956559144876, -0.4562031715596038]
22:[0.2765899954572395, -0.15956035940030555, 0.8192237219942968, -0.47635171821126115]
23:[0.18987718210158197, -0.10910752334581905, 0.8440657581022465, -0.48948462699637907]
24:[0.10196086415389674, -0.05672956003209754, 0.8593333082202567, -0.49792771019776033]
25:[0.011056694084642356, -0.0048260675115222125, 0.8650413545676497, -0.5015554939147396]
26:[-0.07903242674993073, 0.047500144458673066, 0.8617304308107211, -0.49891710374890064]
27:[-0.1688841817317219, 0.09909722304131899, 0.8483759221249694, -0.4918497415928099]
28:[-0.2570937083448566, 0.1492925712127666, 0.8260881624041886, -0.4787409542182932]
29:[-0.34209760872354583, 0.19817924561928532, 0.7951234807323815, -0.4598617869528027]
30:[-0.42387391390041756, 0.24472467567600145, 0.7545852755473752, -0.43708328743742797]
31:[0.5012503817823264, -0.2882881549938181, -0.7054406639955695, 0.40986761769481445]
32:[0.5726498506205772, -0.3293160732676538, -0.6486475007991944, 0.3779940372264663]
33:[0.6376654053598187, -0.3666139348500151, -0.5853901690357828, 0.3410211189609004]
34:[0.6951366935765644, -0.40029842270918226, -0.5161953094619006, 0.3001475512302497]
35:[0.7459589814400759, -0.42908547985049866, -0.4397328685631583, 0.2570327864214368]
36:[0.7885327957217273, -0.45255529118215665, -0.35959365263180965, 0.21000510346471032]
37:[0.8221899070930159, -0.4712539850895493, -0.27554430103969846, 0.16124136062481284]
38:[0.8464355130585571, -0.4854775306912585, -0.18888773090843436, 0.11036265011079636]
39:[0.8614808207365214, -0.494486802813851, -0.09932153356155055, 0.05889677679675762]
40:[0.8674919077627997, -0.4973341947335193, -0.008355362565879489, 0.0068320298018198404]
41:[0.9657295417665023, -0.25629998339418564, 0.03950793457339042, -0.010765397221955289]
42:[0.9618846787828732, -0.2569255570455836, 0.09052406889281292, -0.023927302620116487]
43:[0.9559081737822032, -0.25495520655091375, 0.14084032250809125, -0.03743540442911212]
44:[0.9472597434549189, -0.25274838747876627, 0.1903025787755099, -0.05101136704692195]
45:[0.935898935402108, -0.24972558444658013, 0.2400550563036673, -0.06406157295179503]
46:[0.9223839310448043, -0.24544712293043847, 0.2880556299129155, -0.07737924573797274]
47:[0.9059672131506514, -0.24093573393589504, 0.33621123439855843, -0.0901963783807935]
48:[0.8868690838352804, -0.23556954783225065, 0.3839956311639798, -0.10255521204822472]
49:[0.8655950284486582, -0.23005721474407317, 0.429596500583937, -0.11517713034800547]
50:[0.842359349211059, -0.2238067489673733, 0.47345753986697975, -0.12719757802915838]
51:[0.816138792506408, -0.217185531010876, 0.5172299187481584, -0.13864028143898055]
52:[0.7883635375724257, -0.20951689787708422, 0.5585898017143439, -0.15020997154311674]
53:[0.758300716764344, -0.20079633681229073, 0.5989185327879292, -0.16111314397218313]
54:[0.7260309384114654, -0.19192149128932726, 0.6374100209028472, -0.17249255897945207]
55:[0.6919717247366668, -0.1828817066793034, 0.6743232290046918, -0.18170744715534873]
56:[0.655987541622717, -0.17256868019796773, 0.7092806990529745, -0.19188873286735658]
57:[0.6175265862132069, -0.1631165405240739, 0.742841456346801, -0.20060029975023677]
58:[0.5773536637848641, -0.1525629549059561, 0.7745011892380886, -0.2086509036005931]
59:[0.5363897877617715, -0.14101548174802667, 0.8035284218933287, -0.21620061216812086]
60:[0.4936252172440828, -0.12992547887518557, 0.8300261367256001, -0.2247445821197063]
61:[0.4495182012290184, -0.11822947308280836, 0.8546107090508003, -0.23150748245807834]
62:[0.4040244256560316, -0.10591582551878241, 0.8770499230412185, -0.23733843740823213]
63:[0.3572675416467852, -0.0934462133981157, 0.8970849401916838, -0.24262382193119347]
64:[0.31003437499122843, -0.08082454821484886, 0.9144807125517859, -0.24712568684870057]
65:[0.2622340471050794, -0.06762915921035083, 0.9292946795083556, -0.251139403520942]
66:[0.2135887030104424, -0.054525498120174334, 0.9414887625108983, -0.25496224439465826]
67:[0.16402630529821832, -0.041395480650875345, 0.9512775824026637, -0.25778430241200145]
68:[0.11336915576438537, -0.028090694851403843, 0.9585070798629824, -0.26004331415472687]
69:[0.062091315069122445, -0.015177927975136075, 0.9633552204636486, -0.2605014746614764]
70:[0.011449049838484758, -0.0014912013457442116, 0.9653604396121642, -0.2606643765614157]
71:[-0.03792403648976036, 0.012132984635073174, 0.9646851853143071, -0.26037866920174035]
72:[-0.08892189623064567, 0.025222265239088517, 0.961153367509358, -0.26007871468533633]
73:[-0.13892099212879955, 0.03852084889719383, 0.9552775145832725, -0.25818979894216476]
74:[-0.18908306120209575, 0.051789689707101266, 0.9467118292729056, -0.25554282678493545]
75:[-0.23824495609667576, 0.06475238372392592, 0.9354736265874461, -0.252854827234708]
76:[-0.28720353510381424, 0.07761559455723381, 0.9216753896104798, -0.24900687759933357]
77:[-0.33530784935363184, 0.09024499616909418, 0.9054338073487027, -0.24416000355978645]
78:[-0.38221410348463586, 0.10279278024853018, 0.8865890495417791, -0.23938646715889866]
79:[-0.4284315776158168, 0.11448320990926278, 0.8653135280917605, -0.23360752567476092]
80:[-0.4734492427206681, 0.12619798365687931, 0.8415472546358178, -0.2274161421339349]
81:[0.5172645021719792, -0.13731149625856126, -0.8154986714961314, 0.22032908245634472]
82:[0.559218827779764, -0.14850381325326262, -0.7875258538760064, 0.2121884765550051]
83:[0.5997658258353187, -0.15927912545927478, -0.7572293172232358, 0.20375199505928585]
84:[0.6379530614071166, -0.1704814178206571, -0.7251538985722968, 0.19520194928469733]
85:[0.6750039555658691, -0.18057069148972454, -0.690713358188914, 0.18622282933288806]
86:[0.7106906030155022, -0.18956114551232947, -0.6541182205318674, 0.17639385608840985]
87:[0.7437991426736177, -0.19865067896300262, -0.6162453610666194, 0.16595902527250883]
88:[0.7753961099925418, -0.20637921100297424, -0.576284199975453, 0.15512902608111728]
89:[0.8042828618292273, -0.2145395493644117, -0.5350679302758572, 0.14423650687885411]
90:[0.8311680958776878, -0.2215768804593038, -0.4923676913562057, 0.13280564351541152]
91:[0.8562153559431758, -0.22746318468191823, -0.4477213133192966, 0.12124928643544444]
92:[0.8783657104244108, -0.23342609632670172, -0.40268128240117956, 0.10878290816134156]
93:[0.8982637488122789, -0.23864623377469654, -0.3562359119591193, 0.09626103939558574]
94:[0.9155948620412155, -0.2442749747124137, -0.30826890381214933, 0.0835827032072622]
95:[0.9308639771228537, -0.24738023886553148, -0.259472004725881, 0.07049505143900704]
96:[0.943007838144118, -0.25063029713289753, -0.21135260482333582, 0.0570153294493973]
97:[0.9529311550415344, -0.2528197091432469, -0.16156809029323835, 0.043590831821925885]
98:[0.9599542672005854, -0.25523473759044124, -0.11147254591973438, 0.030280441157592125]
99:[0.9645719946784773, -0.25619356452665765, -0.06063523209047778, 0.017002741144966166]
100:[0.9663991764163411, -0.2568135841386908, -0.010466708411933867, 0.0031405156705298326]
101:[0.9999478824487332, 0.0015194506866519713, 0.010077122369831699, 0.0006125852175402293]
102:[0.9995134734257572, 0.0022120293230755345, 0.031108272003459055, 0.0004458470712854868]
103:[0.9986456209861038, 0.0023493749170155663, 0.05197365314835215, 0.0003788155135249361]
104:[0.9973002769944834, 0.002327653777866427, 0.07339263004084104, 0.0005112634402610386]
105:[0.9955006921989039, 0.0024509994675869606, 0.09472146669603881, 0.0004562675358068686]
106:[0.9933286887342375, 0.0028660561955138435, 0.1152812409648686, 0.0003705954729018592]
107:[0.9907106719585834, 0.0025799615381441967, 0.13596176057256065, 0.00032852373407769994]
108:[0.9876214907657505, 0.003125299131302904, 0.15682469502811308, 0.00019624555013507313]
109:[0.9840596325392066, 0.0022845432108333846, 0.17782393120214396, 0.0002645012947037479]
110:[0.9801191829029613, 0.0021749135007439885, 0.19839749188225056, 0.0003037626181262478]
111:[0.9758413736798592, 0.0014863598180212012, 0.21847481099802485, 0.00040138320101932]
112:[0.9710072667973765, 0.0016485919156460137, 0.23904416947330603, 0.00023454680039905126]
113:[0.9660017993218067, 0.003193511445017431, 0.2585155778078275, 0.00014567898754137395]
114:[0.9603862347215683, 0.0023485365760013486, 0.27866236627456603, 0.0002239543251352358]
115:[0.9542686710814114, 0.0025716628002479744, 0.29893913961055524, 0.0002841687171624884]
116:[0.9477483458465112, 0.0027000784138639547, 0.31900733639926965, 0.0003191319540835261]
117:[0.9410773663626694, 0.0029395114729083276, 0.3381785081644634, 0.00021542483807263947]
118:[0.9336222401842841, 0.002967247475478648, 0.3582466949292872, 0.0001168244008112781]
119:[0.9260330892089258, 0.002841352337132899, 0.377431515295421, 0.00030930385171081475]
120:[0.9178990744026759, 0.0031918571791977293, 0.39680106450728164, 0.00012831346999318826]
121:[0.9093267748455673, 0.0026917236657083713, 0.41607399138265777, 6.976797471467144e-05]
122:[0.9003891434431325, 0.0029800835198280254, 0.43507528296904896, -8.730039554379994e-05]
123:[0.8910327966729101, 0.002849168998195847, 0.45392994701448997, -0.0002017243032013279]
124:[0.881445798920689, 0.002772732149906456, 0.47227703372755697, -0.0001376044822281413]
125:[0.8714091196080934, 0.0026720218392032235, 0.49054969703524803, -3.6079980360842804e-05]
126:[0.8609475875867971, 0.0030696594188500495, 0.5086842223345033, -0.000436540339931847]
127:[0.8502717855950942, 0.0030743576296772134, 0.5263347767250618, -0.0003765048134783494]
128:[0.8391040367816415, 0.0032891138385085185, 0.5439608879754162, -0.0003867039019056116]
129:[0.8273910976310206, 0.0033529786272687447, 0.5616159386075205, -0.0005163305665859692]
130:[0.8155544079542586, 0.0027776589192576875, 0.5786735061485867, -0.0005153241780873446]
131:[0.8030422305554512, 0.002812696338992304, 0.5959152116129612, -0.0005703087847356872]
132:[0.7904569866553823, 0.0030731998657355262, 0.6125091836721827, -0.0008986698584533599]
133:[0.7772927535591166, 0.003358112538856482, 0.6291295455807875, -0.0008445247033372986]
134:[0.7639498556977147, 0.0038020782640879438, 0.6452636419219753, -0.0009972932887379624]
135:[0.7502344460746629, 0.003821867590718013, 0.6611598971631392, -0.001122334348529255]
136:[0.7357434445658427, 0.0028170608010369, 0.6772524411941833, -0.0016669863081494743]
137:[0.7215063517515297, 0.0033084497133904203, 0.6923978396875089, -0.001694148388685276]
138:[0.7065628021165767, 0.003104066024255816, 0.7076418060617674, -0.0015638903185548583]
139:[0.6914894075991423, 0.003104128865953023, 0.72237828892075, -0.001539888989619138]
140:[0.6762991466206989, 0.0031795223086461587, 0.7366183747457307, -0.001650728615419345]
141:[0.6608367063686369, 0.003142059088719073, 0.7505218029399725, -0.0014136096590944068]
142:[0.6446530707300433, 0.0031664252403288064, 0.7644662246839027, -0.0019451136378245938]
143:[0.6287045139628049, 0.0031852921854103803, 0.7776359617257625, -0.0016730413428872027]
144:[0.6121471446716399, 0.0028539527106274613, 0.7907352217649087, -0.0023531435749869797]
145:[0.5955751709679907, 0.0029471729183019888, 0.8032902308697588, -0.0025169202307237255]
146:[0.5785774271095203, 0.002760939373181344, 0.8156195333952067, -0.002305384412815367]
147:[0.5611291542899501, 0.0027930034855920506, 0.8277215444703339, -0.0018210318558292467]
148:[0.5435580301152453, 0.0028275458390580794, 0.839365210227852, -0.00164825389916977]
149:[0.5259308507316698, 0.002912825442906038, 0.8505201553645072, -0.0019289933477972365]
150:[0.5079943423736303, 0.0028628713532002138, 0.8613522136083478, -0.0024323231687439144]
151:[0.48985787696072447, 0.0025935833797878054, 0.8717950851503392, -0.0024214071315676808]
152:[0.4715175914867855, 0.0025408035459030353, 0.881849813545011, -0.0023688787371561803]
153:[0.4529494169391526, 0.002475351776032312, 0.8915289448850297, -0.0026151023407177338]
154:[0.4348079687535169, 0.002430345626590337, 0.9005169315545702, -0.0023194206426810464]
155:[0.4154605424474146, 0.0024328817692535723, 0.9096043160433827, -0.002570406747355173]
156:[0.39626803941449057, 0.0024648790207713214, 0.9181297049682898, -0.0018466631662671117]
157:[0.3772702499290745, 0.0021618157941029935, 0.9260956634810489, -0.003050762613171754]
158:[0.3574485223394993, 0.002187549851732122, 0.9339264080726996, -0.0026893879192663424]
159:[0.3380573583881873, 0.0021871668732186605, 0.9411180810006148, -0.003032549157047909]
160:[0.3181972104621531, 0.0021220704778418, 0.9480166271216114, -0.0032414151161290366]
161:[0.29868815853658476, 0.0023766994283318725, 0.9543419892587038, -0.0033320845714857657]
162:[0.2790957568019509, 0.00229801426045252, 0.9602507425667237, -0.004334635585695844]
163:[0.2594985693532002, 0.002287112577961066, 0.965729886498305, -0.004587803795819251]
164:[0.23858958359403326, 0.001998747943838049, 0.9711082636004136, -0.004444769293508189]
165:[0.21807871224956174, 0.0018905172184432663, 0.9759184191693459, -0.004619559960063496]
166:[0.19736413081521567, 0.0019149425067893282, 0.9803178913796908, -0.004534832260058437]
167:[0.17718840157670004, 0.0019101806507809966, 0.984164163915301, -0.004638967716208265]
168:[0.15656542605321047, 0.001888927492671444, 0.9876566969802908, -0.00423653486780952]
169:[0.13592597587101654, 0.0017164423331996565, 0.990705523045738, -0.004873347504483118]
170:[0.11543086784227853, 0.0018549600745014258, 0.9933024636831668, -0.004742310961083297]
171:[0.09442703065815705, 0.0018459836539800947, 0.9955168202072473, -0.005137013712656874]
172:[0.07342155393192848, 0.0018918496977780566, 0.9972870182681254, -0.004929454007688535]
173:[0.0526982219454107, 0.0018115076944903, 0.9985939335657407, -0.005456343956020795]
174:[0.03234647642094308, 0.0017494589113418596, 0.9994594607550088, -0.00560635032564003]
175:[0.011235053180934077, 0.0017151101104086759, 0.9999183925696001, -0.005834396143375874]
176:[-0.009596989978317002, 0.0014856017940764658, 0.9999339138310865, -0.006152945726297536]
177:[-0.030261173421051547, 0.001774722520771787, 0.9995252072520299, -0.005520127801266772]
178:[-0.05134513954321759, 0.0016203484030461407, 0.99866228420032, -0.005890096106139237]
179:[-0.07209799464320468, 0.0016879315372413072, 0.997381066640985, -0.005480689887708795]
180:[-0.09259154977613265, 0.0017818173695914043, 0.9956864024779211, -0.005676086459074616]
181:[-0.11314073075903056, 0.001926809696616411, 0.9935640735971123, -0.005088625041958045]
182:[-0.13411866060401997, 0.0019327741157376828, 0.9909521780527105, -0.004714878003790328]
183:[-0.15422464124910626, 0.0019074138027487411, 0.9880210141359621, -0.005059390271024205]
184:[-0.17473059277343883, 0.001997600684356647, 0.9846016420573316, -0.0049835728704252765]
185:[-0.1950554836607161, 0.00192875837166548, 0.9807784737607207, -0.004819086284671581]
186:[-0.21516866137262566, 0.0017838083039692797, 0.9765624247746425, -0.005009561788988997]
187:[-0.23572928480494085, 0.0017157029375458452, 0.9718032232001286, -0.00522073046827251]
188:[-0.2556058529532533, 0.0018133740208475444, 0.9667663223326081, -0.005023705224679359]
189:[-0.27557828111207183, 0.0016490419275206748, 0.9612619717399558, -0.005414178298664066]
190:[-0.2958332707527526, 0.001957808847810359, 0.9552234817853077, -0.00519064024934421]
191:[-0.315861952338852, 0.0021347260764222717, 0.9487896009785572, -0.004996307058002123]
192:[-0.3358958085674122, 0.0022436658548719416, 0.9418843870166862, -0.0047721320788071024]
193:[-0.35595491505761445, 0.002253319122160597, 0.9344899138635764, -0.004429659863419164]
194:[-0.37598218327469485, 0.002120393405587849, 0.926612898000241, -0.004630232326158285]
195:[-0.395735372345525, 0.0021579100975038725, 0.9183499340542594, -0.00471774534045169]
196:[-0.4150784168289644, 0.001747082038272709, 0.9097727088657688, -0.004524797249948608]
197:[-0.43384642419548386, 0.001735901771822012, 0.9009744383774582, -0.004396390366536146]
198:[-0.4526130131800862, 0.0019733281240888693, 0.8916942968760366, -0.004341335613449913]
199:[-0.4715521551494528, 0.0015841370248080168, 0.8818265865600117, -0.004233995714591266]
200:[0.48970601009782666, -0.0017696579382226977, -0.8718743470334511, 0.00447380932119388]
201:[0.5078220315972063, -0.0014376198528971444, -0.8614514297860149, 0.004018904486979778]
202:[0.5256347747317185, -0.0013795374674120137, -0.8506993661270297, 0.004094989643615652]
203:[0.5436704966799374, -0.0014165267558726904, -0.8392871925195909, 0.004170487300472895]
204:[0.5607888015767105, -0.001513580741414733, -0.8279483517605988, 0.003893060030857478]
205:[0.578344280534089, -0.0011241931939741825, -0.8157846127128033, 0.0034777901304138955]
206:[0.5951932257192082, -0.0014093190284086917, -0.8035732533347878, 0.0036144713008643696]
207:[0.6118884394032374, -0.0010267851245051498, -0.7909361782403342, 0.0033831032430285523]
208:[0.6278100857981942, -0.0011288183779603318, -0.7783588488938337, 0.003274795840976301]
209:[0.6442561541383873, -0.0009421014664759583, -0.7648043859360388, 0.0027150603382338472]
210:[0.6604763890838595, -0.0009955381455330743, -0.750842521894767, 0.0023357399798492975]
211:[0.6755819960488137, -0.0008682051794161206, -0.7372805645073115, 0.002362632905746765]
212:[0.6905143751483791, -0.0007872881368902498, -0.7233155424778576, 0.0019758291413680407]
213:[0.7058969604784425, -0.0007343709392934977, -0.7083109634340996, 0.00212625625862004]
214:[0.7208825405260264, -0.0003906490783638283, -0.693054548867954, 0.0018980125069418092]
215:[0.735140892724263, -0.0006708379386522074, -0.6779114384773567, 0.0018706690233829084]
216:[0.7493850429503238, -0.0007252778428068791, -0.6621304724781663, 0.0021837559919546685]
217:[0.763157130904917, -0.0003950807172915661, -0.6462098489230215, 0.001966879530613906]
218:[0.7765697809108592, -0.0005719734828680165, -0.6300281269987962, 0.001899319031597538]
219:[0.7896014762782566, -0.0004906117839183158, -0.613617169055366, 0.0017993887166685852]
220:[0.8022152061475927, -0.00016722878862117946, -0.5970329548480858, 0.0015446311764245398]
221:[0.8148576287334441, 1.8106599580128747e-05, -0.5796585938425972, 0.0017202184403600606]
222:[0.82668631973625, 0.00012244492319459418, -0.5626614349869968, 0.0013503135003809011]
223:[0.8381885313991735, -4.067859208516944e-05, -0.5453780221184135, 0.0016724731256701113]
224:[0.8493692836204123, 0.00012422547142233858, -0.5277965828667067, 0.0016036596919247535]
225:[0.8605035754154231, -5.268916242326847e-05, -0.5094416461995481, 0.0016742277682036085]
226:[0.8706860274546798, 0.0001542474445551345, -0.49183674643033204, 0.001559699887689753]
227:[0.8807924751380616, 0.0002860198569705591, -0.4735000991843309, 0.001479866628262636]
228:[0.8907666821173876, 0.00038364972359996934, -0.4544582935610367, 0.001493404185509688]
229:[0.9002061492551952, 0.0005640557145215433, -0.43546129544905066, 0.0014250789869623523]
230:[0.9090905131654559, 0.00033767842454934495, -0.41659544137765325, 0.0016009588402622127]
231:[0.9174997414234045, 0.0005368372986156397, -0.3977331441758591, 0.001510734154617497]
232:[0.9255140892049789, 0.0004348243799132927, -0.3787099892987015, 0.0014918499302833449]
233:[0.9332513153363484, 0.000992261086317167, -0.35922004069483565, 0.0014000728955459168]
234:[0.9405609899590811, 0.0008614446093510535, -0.3396211562422251, 0.001323749626090051]
235:[0.9475641081695385, 0.0015827097899880215, -0.3195596683431641, 0.0011723084042774843]
236:[0.9541158039928896, 0.001432367837737625, -0.29943143504015846, 0.0013403742651744881]
237:[0.960174973040057, 0.001572021075471784, -0.2793923134972726, 0.001218628698978919]
238:[0.9657557831917607, 0.0018275810466195836, -0.2594435899714957, 0.0012044923783599009]
239:[0.9710090109266507, 0.002258153059943994, -0.23902869826881543, 0.0012972462838962491]
240:[0.9757210105349533, 0.002115263203974914, -0.21900344226177398, 0.0012359367789328763]
241:[0.980061745896871, 0.0020139938973688445, -0.19867887329047865, 0.0012741138820442034]
242:[0.984097265284746, 0.0023213751893260753, -0.17761217977670174, 0.001047507175871304]
243:[0.9876521885422775, 0.0022753512742125074, -0.15664368685437152, 0.0008559280915340757]
244:[0.9907163940830668, 0.001476781120225923, -0.13593359393374552, 0.0009506065559316059]
245:[0.99333418826018, 0.001963734222270011, -0.11524958297679061, 0.0009315605559616004]
246:[0.9955238484381218, 0.0018000039342227622, -0.09449068178608973, 0.0007336432296146221]
247:[0.9973186522377167, 0.002173066276885686, -0.07314570990642734, 0.0006991451819361093]
248:[0.99863064236267, 0.002345893478905079, -0.052256252291276416, 0.0007880447813997108]
249:[0.9994968340767606, 0.0019428453475388626, -0.031651678932425924, 0.0006893788848346061]
250:[0.9999410984652226, 0.001989133580620719, -0.010655939211133253, 0.0005421321712910201]
251:[0.9645903526153407, 0.2605510829914268, 0.0392357224481935, 0.011795883916676422]
252:[0.9612596257404502, 0.2592726670378417, 0.09014546098193257, 0.025127911030743723]
253:[0.9555662478395881, 0.2563600662913786, 0.14028612216635994, 0.03863245175207001]
254:[0.9468128114529089, 0.2541946371746, 0.19037148796955702, 0.05185829797215644]
255:[0.9356690400408197, 0.2511411766586534, 0.23918167809182247, 0.06514354734567299]
256:[0.9217702432311603, 0.24802847063670355, 0.2875777187044482, 0.07823395779283313]
257:[0.9057571796699939, 0.2427737578625141, 0.33519959261403076, 0.09113762714137189]
258:[0.8868201661902932, 0.23810705202756077, 0.3822294160434616, 0.10370968192044334]
259:[0.8652996860111737, 0.23377315334829815, 0.42803545486483197, 0.11572474040244606]
260:[0.841615265491048, 0.2268909660295444, 0.4732382924531828, 0.12747451895421685]
261:[0.8155657419020279, 0.2205899464783741, 0.5165989971562592, 0.13898946825428915]
262:[0.7874161158623083, 0.2134950177012168, 0.5583966885780995, 0.1502959616293324]
263:[0.7567343346145349, 0.2053672173314733, 0.5993720647186224, 0.16102975158634555]
264:[0.7237175448639147, 0.1970820778988322, 0.6389082446641939, 0.17084444599501816]
265:[0.6885927756486077, 0.18802060547633506, 0.676737523925293, 0.18031795515788854]
266:[0.6524785986958062, 0.17788135048978004, 0.711936129643486, 0.1891476954661173]
267:[0.6141708658902938, 0.1675099886806622, 0.7452203811439474, 0.19844680574763868]
268:[0.5744108943943945, 0.15658840235084115, 0.7768127609264502, 0.20516854318357078]
269:[0.5326437326064011, 0.14547414680791135, 0.8059867045489428, 0.2133386013265442]
270:[0.48923271705484, 0.13404422299441088, 0.8330790195833528, 0.22059655930001065]
271:[0.4450739072874726, 0.12216864078831571, 0.857814605395974, 0.22613744278457582]
272:[0.3995817840640969, 0.10997178430301956, 0.8798505507599408, 0.23260183324469408]
273:[0.35271909342884994, 0.09746828778841374, 0.8999230805997184, 0.23712364498345173]
274:[0.3056071711101886, 0.0846466048385661, 0.917020868744506, 0.24189240488779978]
275:[0.25692146730663773, 0.07172503104749497, 0.931573502716179, 0.24701758762353243]
276:[0.20873748401695927, 0.0583759670480784, 0.9437021005009701, 0.24989448722916707]
277:[0.15969327237420314, 0.0451432024402943, 0.9531244817389212, 0.2530096289506905]
278:[0.10970386852486948, 0.03173457357714337, 0.9601893897828607, 0.254939823917278]
279:[0.059764435894015415, 0.017654164881560575, 0.9646424816942856, 0.2560887056769486]
280:[0.008960373240743415, 0.003956375458533145, 0.9665517597049696, 0.25628451887666653]
281:[-0.0419967028679714, -0.009436336246726443, 0.9658507306239009, 0.2554987253583371]
282:[-0.09185434333485203, -0.023190020028218832, 0.9623291806243195, 0.25484809338219483]
283:[-0.14213847827637965, -0.036449394803313495, 0.9562265893911032, 0.2531774167519805]
284:[-0.19171204118044058, -0.04957194523449786, 0.9475449114677338, 0.2508939143616313]
285:[-0.24054149955046064, -0.06272945589898013, 0.936422682604052, 0.24762342752911057]
286:[-0.2886913573259948, -0.07579281756974843, 0.922826442389951, 0.2435243442369159]
287:[-0.3354891990810715, -0.08863482390198507, 0.9069827060227387, 0.23869067067540775]
288:[-0.38216353096443106, -0.10115905981537146, 0.8885245062237149, 0.2328992959585156]
289:[-0.42842963529147987, -0.11355131846605054, 0.8668957321496319, 0.22813578250547437]
290:[-0.4732590449379636, -0.12653639377855455, 0.842770167026783, 0.223053498075178]
291:[0.5170607578041378, 0.13851776769870866, -0.8165110646979094, -0.21626530465302105]
292:[0.5589846031368918, 0.15004224917826295, -0.7883584822740286, -0.20860115134871604]
293:[0.5997129505705442, 0.16100457353452083, -0.7576805951447058, -0.20085322989711557]
294:[0.6386584544957237, 0.17089581371277415, -0.7253146761674123, -0.19190784218667184]
295:[0.6752796966471214, 0.18162944201942474, -0.6909894121549022, -0.18314395807043993]
296:[0.7109080351277314, 0.191023045569148, -0.654268640052428, -0.1733565928837492]
297:[0.7443571095267634, 0.19998068778218556, -0.6158108354984484, -0.16345406967655834]
298:[0.7754494546269866, 0.20876910326893922, -0.5759427728332592, -0.15291673309395876]
299:[0.8047513265938478, 0.21648559564652622, -0.5342453175013792, -0.14174353583448285]
300:[0.8319361994287613, 0.22289538064436396, -0.4911394534733785, -0.13031441443410524]
301:[0.8562375884303505, 0.23005441757383166, -0.4471234022756736, -0.11837575871422829]
302:[0.8783407562023051, 0.2353440503327404, -0.40231508732954563, -0.10617563032053781]
303:[0.8980041745864257, 0.24062000511735293, -0.35615819500592477, -0.0940311421434373]
304:[0.915166876885854, 0.24601042623695732, -0.30874564247926856, -0.08139155904494315]
305:[0.9302891669681748, 0.24919902416111234, -0.2603945550312642, -0.06823919613300503]
306:[0.9424742224543309, 0.25265469009575175, -0.21175859664205812, -0.05537367903535303]
307:[0.9519093512170752, 0.25663077485137753, -0.1619482069982241, -0.042213868748658324]
308:[0.9591971575867771, 0.2580055521049075, -0.11201242147397918, -0.0287604832369839]
309:[0.9636292294120856, 0.25949936238819826, -0.06200182479807657, -0.01531544529216177]
310:[0.9652358245653967, 0.2611122097244616, -0.011728232204981317, -0.001632629080196332]
311:[0.8613669993695164, 0.4994576449140655, 0.07968767365620863, 0.04731625514886384]
312:[0.8483820813804589, 0.49162011928717797, 0.169463623848054, 0.09919466970007434]
313:[0.8254215876012215, 0.4792938215534302, 0.2580020088367372, 0.14963822632868815]
314:[0.7938474387091126, 0.46075937407049117, 0.3439010986002497, 0.19808856010050765]
315:[0.7532916205447396, 0.437601255913085, 0.42564524759923594, 0.24471002929294877]
316:[0.7048808689885414, 0.40955882127607346, 0.5019310643058493, 0.2889112997681284]
317:[0.6489866150892276, 0.37618249928022096, 0.5734439902177958, 0.32934038737058324]
318:[0.5850628635982091, 0.3406117659346993, 0.6377696901583799, 0.36733485113775016]
319:[0.5140456923293172, 0.30108197215656124, 0.696193870773212, 0.4005256128361842]
320:[0.4378713589442899, 0.2576662688955703, 0.7461980373006987, 0.4301921152442263]
321:[0.35758660156380123, 0.2112608617847856, 0.7884352757070202, 0.45372953031602015]
322:[0.2726123457474385, 0.16304288746255985, 0.822187888422483, 0.4723416157034322]
323:[0.1856479567713296, 0.11208168429934114, 0.8466572054515468, 0.4859466109031226]
324:[0.09656986812002358, 0.060169331467872386, 0.8614922649595669, 0.4948585550809707]
325:[0.005899951110599807, 0.007798234864470927, 0.8673315706404934, 0.4976347301788592]
326:[-0.08287544924724566, -0.045059848098216865, 0.8637997797764992, 0.49492545949819994]
327:[-0.17195206431233437, -0.09699118192674817, 0.850842759914505, 0.4869207287724024]
328:[-0.25915821641084247, -0.14792919297480953, 0.8285409785867508, 0.4737866814665457]
329:[-0.34432543712741165, -0.19653459389068956, 0.7974081891656598, 0.45492233029692253]
330:[-0.42491146862789814, -0.24429256195413768, 0.7571557704830785, 0.43184085868123046]
331:[0.5008234838567548, 0.28902705996174693, -0.7087260650532934, -0.4041615535173116]
332:[0.5728569724616175, 0.32995490644770004, -0.6513887112160855, -0.3723672860408746]
333:[0.6382604674475706, 0.36714371685340325, -0.5867458354656523, -0.33698425991786396]
334:[0.6961086678388657, 0.4002645920275969, -0.5171013475787555, -0.2963565002843978]
335:[0.7454553450699892, 0.43030642164516514, -0.44143048004411994, -0.2535189209616013]
336:[0.7877413041158995, 0.45411995753244727, -0.3610204491760123, -0.20713024220827997]
337:[0.8203477667637488, 0.4744418337372174, -0.27704212691574326, -0.15868883980859458]
338:[0.8445909639279983, 0.4887107229285712, -0.19020973050032577, -0.1079267870771732]
339:[0.8592840865875466, 0.498100987336624, -0.10155701790452157, -0.05667836506134345]
340:[0.8650744094901496, 0.5015007728699508, -0.011100488798049169, -0.004474371973283885]
341:[0.7312107979863193, 0.6137547188907561, 0.22615751083594396, 0.19361997376311466]
342:[0.622035616478907, 0.5265737493290842, 0.44332543933560137, 0.3731679691333555]
343:[0.45600746109752976, 0.38456326507073413, 0.6141105492306871, 0.5167557681391716]
344:[0.24002085969518017, 0.20979916920127495, 0.7286864447880593, 0.606127346929488]
345:[0.006472193710206586, 0.010247804166745419, 0.7690899607440215, 0.6390256062953168]
346:[-0.2296100028102606, -0.18829577433043895, 0.736917790203258, 0.607269395293983]
347:[-0.44322589315637306, -0.3713683689236496, 0.6278933207662775, 0.5209475212877206]
348:[0.6146565776313015, 0.5162524697372629, -0.4588274220096044, -0.3809961625486179]
349:[0.7261099252529384, 0.6089719732156693, -0.24565233811558695, -0.20389320995396495]
350:[0.7663218690962277, 0.6423544144184958, -0.009940553722095352, -0.005725784979695513]
