1:[-0.016770205167650095, 0.00401126079987851, 3.3974868342805613]
2:[-0.011264966123802529, 0.004169091372079759, 3.4194693342931965]
3:[-0.004225224187729876, 0.013070568879461918, 3.4050542038753266]
4:[0.002740239041888737, 0.01182293477726366, 3.40630955815605]
5:[0.013175106390169814, 0.007393223331909105, 3.400156373715613]
6:[0.013220269902377613, 5.5087268132244384e-05, 3.3967886875742064]
7:[0.010762182617517713, -0.009319833504375052, 3.397142668415026]
8:[0.0008675843942583875, -0.015818319307490957, 3.394032979019412]
9:[-0.006632719486547659, -0.01377282990519937, 3.3924830306127713]
10:[-0.013169532119285957, -0.006149707820177982, 3.396529177066442]
11:[-0.013484005411864597, -0.00647712099960385, 3.3918990067693686]
12:[-0.012840796313132627, -0.003948649601540725, 3.3912639604500097]
13:[-0.01238964746553545, -0.0018161493309109653, 3.392015103369234]
14:[-0.012557466050597396, 0.0009324877235269862, 3.3909321472176273]
15:[-0.011175180871983787, 0.0033112022715697425, 3.3916708357388874]
16:[-0.010145352789718058, 0.004464736707850232, 3.3953294131280267]
17:[-0.00876061205429372, 0.005047976233049818, 3.3990095215259597]
18:[-0.00742245392800033, 0.00622317385868659, 3.404417337361591]
19:[-0.005582843219098049, 0.006648116826047628, 3.408202968666314]
20:[-0.004195783595719701, 0.00741233048650467, 3.41039534588034]
21:[-0.001023786444289549, 0.00896271076030826, 3.4118746465603356]
22:[0.002256259177761304, 0.00928269247624354, 3.4105284384134076]
23:[0.005862462740002442, 0.008365111615339258, 3.4056636962191034]
24:[0.009864913358231996, 0.007568090632220393, 3.4017503382526164]
25:[0.01151079900297829, 0.004861891272008928, 3.400045697527348]
26:[0.013160260792249785, 0.0026457154235416044, 3.395725471024935]
27:[0.014427833873329615, -0.0001865588216703495, 3.3943757567109256]
28:[0.014038819496937433, -0.0019608953505349976, 3.3935239499526646]
29:[0.01308247000122889, -0.004684119087656694, 3.3912984351779603]
30:[0.011911153668548224, -0.007120417623712637, 3.390740255091113]
31:[0.01015055238178213, -0.009544403451382915, 3.390095011611189]
32:[0.007298881570027003, -0.011743590257834882, 3.3910433687419315]
33:[0.005593468690624184, -0.012975650601940423, 3.3915565877386777]
34:[0.0034927402917723847, -0.014054258790276702, 3.391053934557546]
35:[-3.268398066771705e-05, -0.014591086105316235, 3.3886882331942147]
36:[-0.002446505642772935, -0.013740412158999436, 3.3881979772924518]
37:[-0.00530936998228023, -0.013256643744380195, 3.3899355839856185]
38:[-0.007565107662241998, -0.012506635383439636, 3.3901122865563798]
39:[-0.01038784271121953, -0.011150900547616117, 3.392101576346865]
40:[-0.01316373403362265, -0.008811605577593905, 3.3910446983270495]
41:[-0.011349822754629185, -0.00787602023989118, 3.389246952604631]
42:[-0.012169410069201284, -0.007735524393447942, 3.388480804078937]
43:[-0.012495270395880366, -0.006747316711841155, 3.3856621106576203]
44:[-0.013325030549651055, -0.00673410651141035, 3.387828366370038]
45:[-0.013782525485625226, -0.005960753615296161, 3.386371959510826]
46:[-0.012998202453510566, -0.005395954059891082, 3.3883253820090293]
47:[-0.01321083471308432, -0.004718229757891437, 3.3873249135106103]
48:[-0.013073436732922113, -0.003258073487328753, 3.3877540591198145]
49:[-0.012625967274869589, -0.002454338729367452, 3.389990026656737]
50:[-0.01329357946696276, -0.0018122899510954187, 3.393794739229663]
51:[-0.012566447808778644, -0.0007789778211371456, 3.3912015176807717]
52:[-0.01202870109980181, -0.0007356715477028105, 3.393325197993592]
53:[-0.010436727945457589, -0.0003498774583027844, 3.39415993485327]
54:[-0.009925259261850911, -0.001307790548614688, 3.4040226197377828]
55:[-0.009621567641052877, -0.0009883962233676958, 3.4053009752924317]
56:[-0.00810905221551579, 0.00030157541714679654, 3.408563825023301]
57:[-0.007404265564242354, -0.00019338453378268624, 3.413183499725983]
58:[-0.0062781428932452855, 0.0003465974934883227, 3.414601306228963]
59:[-0.004540816810436103, 0.0006658653167205615, 3.4126526405260544]
60:[-0.0022518783079942526, 0.0015946680192846182, 3.413136072657259]
61:[-0.0007155254875263569, 0.0019377393926109324, 3.4116652652708725]
62:[0.0011700823781061668, 0.00212198980399621, 3.410369444866661]
63:[0.002526144438226054, 0.0028219398931316926, 3.407926946925662]
64:[0.004331353074782479, 0.00265737331291936, 3.4087589520181236]
65:[0.006094102336707639, 0.002159029771651668, 3.40753855756359]
66:[0.007163986611340012, 0.002043711136195145, 3.4051480239926373]
67:[0.008687941280416578, 0.0015374299168341085, 3.403960088574284]
68:[0.00984786304777353, 0.0013813281595149779, 3.403855150661295]
69:[0.010381495989793427, 0.0013244016262238913, 3.4006522905522796]
70:[0.01147795083387604, 0.000764233809617775, 3.3995665279672758]
71:[0.012661969423791664, 0.00014015963294343827, 3.399336116445164]
72:[0.013245235354813058, -0.00031016011211591407, 3.3985576721005377]
73:[0.013831951192772904, -0.0010640904347069774, 3.396162165262794]
74:[0.014152353151021162, -0.0013429015616183285, 3.393646783369983]
75:[0.014350278611645775, -0.0024932212924246504, 3.394210498432692]
76:[0.014222592536180405, -0.003329739378443392, 3.3935572495175497]
77:[0.013263466328586325, -0.003764108899059224, 3.391051233553007]
78:[0.01313639991817732, -0.004804661460040571, 3.3905144540798298]
79:[0.012560826224574292, -0.005841640711278225, 3.389617918783306]
80:[0.011935038937179341, -0.006316055700289993, 3.387674764756556]
81:[0.01129058414794542, -0.00671401597832782, 3.3842152103333736]
82:[0.010449737009146382, -0.006971378777859124, 3.3820281090767743]
83:[0.009581578489863041, -0.007468178460086369, 3.3815718890792468]
84:[0.009080614639192368, -0.007269513743177188, 3.3812800144763755]
85:[0.008240019331960198, -0.008080172910994636, 3.382384861668028]
86:[0.007330685710386994, -0.00848534858083363, 3.3798712303721152]
87:[0.005907113789033279, -0.009270963410472243, 3.3808921745254366]
88:[0.00447290913034259, -0.009563930366023628, 3.380100707835588]
89:[0.003538206725393343, -0.010189413102029005, 3.382477633705094]
90:[0.0023619944490368837, -0.010745987662881566, 3.3834325379756365]
91:[0.000843628994340337, -0.010417477634752809, 3.381302707725291]
92:[-0.000979841142974416, -0.010423518178919124, 3.3802612414562194]
93:[-0.0023155566722705416, -0.010648980784005321, 3.3803506120685816]
94:[-0.0036028794001702483, -0.010707642026470267, 3.385085155684171]
95:[-0.005632455337019904, -0.010459634492346086, 3.38392626086588]
96:[-0.006825843936785285, -0.010269448171219863, 3.385034394273769]
97:[-0.007714752050405581, -0.009776792175646589, 3.386576883017113]
98:[-0.00848468645450296, -0.009785186615382841, 3.3872853041771718]
99:[-0.009590339278350214, -0.00937471520558195, 3.3880625550240806]
100:[-0.010643094106297924, -0.008592350223400375, 3.388589153891901]
101:[-0.011314286546865195, -0.005355313493106469, 3.383829548157247]
102:[-0.011356643452620723, -0.0057568969667787405, 3.385512667655091]
103:[-0.011420238404738032, -0.00579995234052039, 3.3859190416828127]
104:[-0.011683383462425416, -0.0059987497872168085, 3.387470986405644]
105:[-0.011556976431218356, -0.006049692070606494, 3.386983924903109]
106:[-0.011902388817119382, -0.0062375765674183075, 3.3881429322951515]
107:[-0.011920782094071334, -0.006308582362688442, 3.3880972117910866]
108:[-0.01205961930924679, -0.006800603100963783, 3.3877836694582117]
109:[-0.011994488019760689, -0.005885686313178943, 3.3868620408881998]
110:[-0.012206415802770768, -0.005796080461987904, 3.3858398803485446]
111:[-0.012863725987814678, -0.00534956821848956, 3.385694153291605]
112:[-0.012758422439758495, -0.005644778094244062, 3.384844696166796]
113:[-0.01276924214924938, -0.006801554030227835, 3.388287682118338]
114:[-0.012911353471166334, -0.006385918895640485, 3.388121260816886]
115:[-0.01300178211948786, -0.006743897756290952, 3.388535511536457]
116:[-0.012817168112346839, -0.0070868987597060345, 3.3900409053244442]
117:[-0.013196515599793053, -0.007571413281175949, 3.3924011279694333]
118:[-0.012449878663811694, -0.007174819250356412, 3.3916587966269938]
119:[-0.012884827658962181, -0.007268935720325949, 3.3933105370367707]
120:[-0.01266580574318182, -0.007723448032280146, 3.3945226780062776]
121:[-0.01248508611578444, -0.007394916572354931, 3.3931401967343477]
122:[-0.012019372697767941, -0.007705474714465336, 3.3929528288385935]
123:[-0.011549020868665454, -0.007362214979950562, 3.394547317823082]
124:[-0.011778770278384044, -0.007568767792807636, 3.3932401791737914]
125:[-0.012203186530276865, -0.00734115918461705, 3.3955969884356962]
126:[-0.011641686590651477, -0.007871258388753504, 3.3974060672467856]
127:[-0.01177635483090532, -0.008084575443796505, 3.399914099281612]
128:[-0.01162608900191954, -0.00864241252059261, 3.401354694878984]
129:[-0.010959405108538278, -0.008422508752861217, 3.3995618209001957]
130:[-0.01119483782774435, -0.007774847789492878, 3.400577165846256]
131:[-0.0098060889455985, -0.007740214665827295, 3.400371473592777]
132:[-0.009498568420280242, -0.008106667089073205, 3.4002439280863257]
133:[-0.009000006672710616, -0.009116172102649903, 3.4024879963816894]
134:[-0.008557496240734904, -0.009669865460317171, 3.4038537789544954]
135:[-0.008642619327601988, -0.009517800944880143, 3.4047803417737437]
136:[-0.008227725184536233, -0.008913253371081582, 3.4070936861631926]
137:[-0.00836447251493528, -0.009535706397365801, 3.4081781817949497]
138:[-0.007764418014713984, -0.009723589046838113, 3.4108801253150314]
139:[-0.007215512279069623, -0.01006608845850979, 3.4120848902417276]
140:[-0.007437274154923635, -0.009641519282678175, 3.4097792315916653]
141:[-0.007103628398185574, -0.00994532330168025, 3.410619092486893]
142:[-0.005825491730241666, -0.009378268121907157, 3.4107552194859228]
143:[-0.0062551956594124524, -0.009812275569230634, 3.411703968918751]
144:[-0.005586284190884144, -0.008899124123663432, 3.4114668331299565]
145:[-0.005222987370900351, -0.008376009804188489, 3.4098320585542]
146:[-0.00483671792149367, -0.008540053989284443, 3.4108566632926416]
147:[-0.0038815778688753005, -0.00932937175772548, 3.413163957866866]
148:[-0.0036178821696989834, -0.00929273514856504, 3.41272689316146]
149:[-0.002976692170143124, -0.009318983741629072, 3.411589655079954]
150:[-0.0027255251709233305, -0.008631672504918156, 3.4120310934264135]
151:[-0.002161617096408724, -0.008551514850547332, 3.4130085782147885]
152:[-0.0016028854882864777, -0.00853099321060987, 3.412880095755459]
153:[-0.0011492282781507864, -0.008483756014032055, 3.4127754065819635]
154:[-0.0010398034316831286, -0.008495241551827763, 3.411344456510502]
155:[-0.0006093108774475897, -0.008186988174109346, 3.4104205585944483]
156:[4.7250114292126825e-05, -0.008857360672032051, 3.410741745190359]
157:[0.00012269514870663832, -0.007879603976797732, 3.410513335019842]
158:[0.001018575571790955, -0.00780613644775998, 3.409601307114147]
159:[0.0015044949558370325, -0.007730760974072736, 3.409607767651302]
160:[0.0023031716326342836, -0.007050959416494644, 3.408725856637518]
161:[0.0027030450041228005, -0.007155729373343716, 3.4087383209099786]
162:[0.003250706334034366, -0.00634645792244073, 3.407912562550519]
163:[0.0036684772390515722, -0.006008222342014663, 3.407580028692759]
164:[0.004432090161901987, -0.006042323026556979, 3.4080314660203554]
165:[0.00517826386609015, -0.005804654233895981, 3.4080937870639954]
166:[0.005830586943853691, -0.0058892057404651334, 3.407289736655253]
167:[0.006433525515194518, -0.005658928181870218, 3.406771025493038]
168:[0.006888954440303844, -0.005852346225376994, 3.4056829297003763]
169:[0.00780335743541435, -0.005093901420195897, 3.4037202960484905]
170:[0.008737901032068906, -0.005358327215932529, 3.4035036426861582]
171:[0.009451112481474209, -0.004546239825677843, 3.400497483423352]
172:[0.010152425518786257, -0.004527427582694634, 3.4009105744402732]
173:[0.010640298215339851, -0.004043185044955341, 3.3988552672096057]
174:[0.011110869469591425, -0.0037333389268581615, 3.3983609260628818]
175:[0.011698423055953928, -0.0034938351263027576, 3.397275373650986]
176:[0.011902435040680321, -0.0034492768602828816, 3.3954083024093453]
177:[0.012318509575989461, -0.003220103936760381, 3.3939009133497833]
178:[0.01249635576341898, -0.0026447653846755678, 3.393509848063268]
179:[0.012843597396665497, -0.003012072975597217, 3.3929420465056412]
180:[0.012931317916520604, -0.002876648042539086, 3.392286296688436]
181:[0.01369253673259512, -0.0030737425033193484, 3.390919946288722]
182:[0.014068440526459867, -0.0031375818889198825, 3.390826880497026]
183:[0.014225210011935278, -0.0031332232187752463, 3.3906814639280944]
184:[0.014566582162846958, -0.0029475545312455022, 3.3906424371825947]
185:[0.014755930900767943, -0.0027894798752856453, 3.3886771827652526]
186:[0.014456146805702565, -0.0029485401947471858, 3.3900368891898967]
187:[0.014520551162041354, -0.0027041691765053743, 3.3881006017524364]
188:[0.014631739544796995, -0.0030713912804659848, 3.3886149343920096]
189:[0.014148078045123256, -0.0027487183321414418, 3.3881921315819885]
190:[0.014280014223853598, -0.002632195248115714, 3.3890444389095076]
191:[0.014374761280751032, -0.002098360622826555, 3.3868375464316998]
192:[0.014565621494971166, -0.0024262229950437783, 3.3862626218622185]
193:[0.014411623274489858, -0.0028322264979597517, 3.3880203986441293]
194:[0.014370122652623434, -0.002989113711825965, 3.3876585198684026]
195:[0.014924773841083863, -0.002615998518343067, 3.3852097600371662]
196:[0.01505301763530022, -0.002733286720104083, 3.385264250683405]
197:[0.014548117593734549, -0.0027105525077680114, 3.383798159535807]
198:[0.014487384543294917, -0.0022013946524877307, 3.382643751205099]
199:[0.014257853717582359, -0.0023959756802366303, 3.3802432788810006]
200:[0.013652392334502534, -0.002061758143946484, 3.3785258726527907]
201:[0.012980908777346999, -0.0031143878956121874, 3.3815641105649967]
202:[0.012839665140925462, -0.0032222751286708116, 3.3796291620069794]
203:[0.012675818393354701, -0.002746880625839352, 3.3780495546672533]
204:[0.012200426816685001, -0.0029428630205738655, 3.377042949132922]
205:[0.012115557888339318, -0.0034338792414657384, 3.3787296297352474]
206:[0.011804657512989591, -0.0031918210260217, 3.377355418609952]
207:[0.011388009333121684, -0.0035490289242430277, 3.377144600222885]
208:[0.010511869216749395, -0.003401598192287694, 3.374597220766592]
209:[0.010301232743207767, -0.003831908363140306, 3.3740201100693126]
210:[0.010330593774214237, -0.004324682090346751, 3.375492489727313]
211:[0.009596950547587916, -0.004253471348561859, 3.373519708204278]
212:[0.00860535127597459, -0.005082929941440046, 3.376897669746818]
213:[0.008814920963236201, -0.004890737309636249, 3.375013773265942]
214:[0.008717884642176295, -0.0052717271039745715, 3.3750057223049272]
215:[0.008221588809644432, -0.005012267798455331, 3.3751650305805994]
216:[0.007901141603906842, -0.004896205725218929, 3.3754062232537874]
217:[0.00734927481624668, -0.005324878895448749, 3.3753455126940217]
218:[0.006635729480390831, -0.005010097638216587, 3.3761084617634385]
219:[0.006319419640781586, -0.004594667662254065, 3.3761572416692816]
220:[0.005755023243173002, -0.005391274163440124, 3.3773193861060484]
221:[0.005317757163987496, -0.005031565273594839, 3.3777008877157075]
222:[0.004884260805696319, -0.005498128788772984, 3.377231179868952]
223:[0.0036819300984360895, -0.005249117172835486, 3.3783585423325566]
224:[0.002988193719739878, -0.00540336241177844, 3.377910254924381]
225:[0.0029452516724621336, -0.005133132461373703, 3.3781777922270226]
226:[0.0017461578191729577, -0.005324672644155942, 3.378333627701636]
227:[0.001258809348020756, -0.005434759858120786, 3.37842666127387]
228:[0.0011686625598353872, -0.00528284336493259, 3.3789307120166]
229:[0.0005870716325376137, -0.005156563687777121, 3.379356039590368]
230:[-0.00012417265762093064, -0.004362412875941768, 3.379035016842902]
231:[-0.0009588507558929126, -0.0045402354614537295, 3.3769484735857165]
232:[-0.0013752389407468298, -0.00415076661322064, 3.377397525860292]
233:[-0.002183446623411395, -0.004443130547350869, 3.377232999272509]
234:[-0.002604652945477274, -0.004615430904956355, 3.377357545902625]
235:[-0.0036064192575440265, -0.0049926921720902994, 3.3779905359701417]
236:[-0.0043816549603786, -0.004891983558810796, 3.378720431356132]
237:[-0.004730808003975445, -0.004961871357097771, 3.377970703590552]
238:[-0.005646167324256059, -0.005123813901641095, 3.3784708073661]
239:[-0.006591838753455424, -0.005080689046990589, 3.3780192747247892]
240:[-0.0071243893527508755, -0.005318624103906678, 3.3793009584372897]
241:[-0.007904339960487986, -0.004906509547827203, 3.37794256489171]
242:[-0.00799796581518023, -0.0053006853198235586, 3.3798416185130455]
243:[-0.008087620499389839, -0.005457547558865902, 3.382267629903396]
244:[-0.008577372710736123, -0.005111327544154848, 3.3821511533773516]
245:[-0.00908016882007024, -0.005237851288823221, 3.381268251679396]
246:[-0.009712303299027737, -0.004974251188793444, 3.3801285391612814]
247:[-0.009603215727562005, -0.005296144515010101, 3.3823466484545364]
248:[-0.010197294105216083, -0.00571955158868864, 3.381949686710928]
249:[-0.010703872607938718, -0.005500966914180212, 3.381344678056713]
250:[-0.011050707970768072, -0.0050106966252542314, 3.3823309078047763]
251:[-0.012375152395753715, -0.0013053939182009263, 3.3800755262644095]
252:[-0.012669812760435937, -0.0013053413355422953, 3.3802500783201657]
253:[-0.013502151788376127, -0.0008892973388183531, 3.379268937572773]
254:[-0.013529817443947507, -0.001981019939767715, 3.3802820719983626]
255:[-0.013951420414086573, -0.0024144970009180697, 3.3820685855354338]
256:[-0.014033013690146874, -0.004251254559399249, 3.3822175113498076]
257:[-0.014508064092475032, -0.003660221581761823, 3.384306381719071]
258:[-0.013940288934200797, -0.004922613270549719, 3.385510588527567]
259:[-0.01353689253101539, -0.006957823789821238, 3.387306364199395]
260:[-0.012193091420795542, -0.0069971605998665224, 3.3865775472354094]
261:[-0.011425988143727117, -0.008151451287992178, 3.3894053360764667]
262:[-0.011392228947960372, -0.009018508364605625, 3.3919924529938763]
263:[-0.009973602949664453, -0.009370234910294916, 3.3907858077711603]
264:[-0.009009751729296795, -0.009959199515796702, 3.392468374564813]
265:[-0.008244960347455041, -0.009719147483267864, 3.391207547343696]
266:[-0.008365351129676114, -0.010571510779052221, 3.3890541596226513]
267:[-0.00689716969861742, -0.011579289598220934, 3.3888277618789386]
268:[-0.0053263472555679, -0.010145002540607018, 3.3885863207697975]
269:[-0.003977914924389376, -0.011120533200022662, 3.39175140518146]
270:[-0.002020180325221184, -0.011890890860474708, 3.392029426239973]
271:[-0.0006016018387689078, -0.011262378601699818, 3.3920734219469413]
272:[0.0006231845692681551, -0.01162367192654551, 3.393609006763723]
273:[0.0018889459836633096, -0.011200017145308367, 3.393579430584653]
274:[0.0027225899797346407, -0.011226961828719217, 3.393414021352602]
275:[0.004387999748132158, -0.012098335229499518, 3.392499875986572]
276:[0.005304595498929828, -0.01167755057327084, 3.3933210143864803]
277:[0.0064089995241313515, -0.011526023660709667, 3.3933876820587856]
278:[0.008257510365855264, -0.01096939027150522, 3.3945751109942797]
279:[0.009151254478085144, -0.010102007127068, 3.3928312581784383]
280:[0.010440798255607278, -0.00915770075169906, 3.391172669429828]
281:[0.012242753542513042, -0.007963013529836166, 3.390892687130071]
282:[0.01289995253001186, -0.007854461376663352, 3.3878556062197687]
283:[0.014812525205098894, -0.0068875591594261135, 3.386037433341654]
284:[0.016103259643359142, -0.006042372210692983, 3.3830309677876707]
285:[0.017084453703765153, -0.0050325625869616026, 3.3807649062312803]
286:[0.01677743878264597, -0.003442401839837536, 3.3798455730147188]
287:[0.016369863643994537, -0.0017900357199604605, 3.380538779011489]
288:[0.01576385800196384, 0.0006614061948101137, 3.377660945868095]
289:[0.01608396654688577, 0.00029035028469546006, 3.378251562721354]
290:[0.015447906283832528, -0.001727231259385545, 3.383698941664768]
291:[0.014522253761327297, -0.001446480246910531, 3.3829372031378657]
292:[0.01251339987489112, -0.0006479780466706582, 3.385369135616103]
293:[0.011914337802275361, -0.0007775595206242468, 3.385333485153121]
294:[0.01062348154368116, 0.0011756990317551847, 3.379874939137803]
295:[0.008588471213582092, 0.00023936594330317893, 3.3766487615769267]
296:[0.008494423576611112, 0.0007519937547356287, 3.378493736007195]
297:[0.007761689080635603, 0.0014648487633152408, 3.379518613254788]
298:[0.006411645949561991, 0.0016253517589295706, 3.378589673817403]
299:[0.005428895146681064, 0.0022931355207988537, 3.3789335328384738]
300:[0.0049441660787142815, 0.003393003173759148, 3.37543938314238]
301:[0.002564187160489896, 0.003045067342911298, 3.3766357926183392]
302:[0.00046658084501173633, 0.00357546971495028, 3.3755429316760117]
303:[-0.0016088295301301414, 0.003956469988990042, 3.373968377233312]
304:[-0.003524721136866867, 0.0033855092154278918, 3.3736309409903233]
305:[-0.00530319443620512, 0.00420223248947922, 3.375202765631767]
306:[-0.006208206888693623, 0.0032016426731037257, 3.3760324660127887]
307:[-0.007862788562045326, 0.0013950124372014707, 3.3754220271085518]
308:[-0.009599928269356043, 0.0017163666765910987, 3.374254854118309]
309:[-0.010112554863957018, 0.0005871871133215042, 3.376827997346401]
310:[-0.011825699123948897, -0.000904362019530818, 3.3802791471523315]
311:[-0.01194808786106559, 0.0021185760349183, 3.383009492659294]
312:[-0.01376844099400325, 8.530867902875937e-05, 3.384353462438912]
313:[-0.014140407939541905, -0.0028676606159527837, 3.3864043506007167]
314:[-0.013034963991078398, -0.005036481458214828, 3.388827635997386]
315:[-0.012400247844658202, -0.007691595836119695, 3.3877768868619857]
316:[-0.011645259079448519, -0.009646329135346196, 3.385374338288205]
317:[-0.010099894548220523, -0.010795300161260794, 3.384227796254078]
318:[-0.007454588392703086, -0.013408613396436467, 3.3933899422356744]
319:[-0.004541678899254029, -0.014450044471643572, 3.393980511732865]
320:[-0.0024596917091510386, -0.016299862844460732, 3.3952828702552025]
321:[0.0010824918195803197, -0.015699076365282057, 3.3973893298748137]
322:[0.005437012393372123, -0.014976683153901849, 3.3970024226803006]
323:[0.007781917212870686, -0.014324691848595892, 3.3949389276971758]
324:[0.010848572084707284, -0.013326070765319853, 3.3932210435453523]
325:[0.013192267077188905, -0.01094412202553092, 3.390849775118382]
326:[0.014518690754414448, -0.00854844665551005, 3.386615731784404]
327:[0.0153404998762501, -0.0049822739346051725, 3.3849377077434775]
328:[0.015941016955076312, -0.001973250295873276, 3.382064218207272]
329:[0.015724043321930243, 0.002682256852897107, 3.3790429184022064]
330:[0.013476367202164082, 0.004543297025568388, 3.3770651782204895]
331:[0.01200439437197588, 0.005518861865658133, 3.374808989092213]
332:[0.01161976344292365, 0.007083356704469383, 3.374640619741922]
333:[0.011132155601844449, 0.008541801197248332, 3.3743193908190254]
334:[0.007799338183864687, 0.010683545649373972, 3.3721231033246815]
335:[0.004048607503249417, 0.009655948389097587, 3.3739689869571112]
336:[0.0008535588249737157, 0.010406284405874459, 3.3750542549457156]
337:[-0.002911690613867825, 0.008892605508358593, 3.3758203699428004]
338:[-0.00572900227202934, 0.007841113810922971, 3.375693507661409]
339:[-0.008963884643858418, 0.004962614483887922, 3.3757915894662007]
340:[-0.011296012183506229, 0.0038197614573480133, 3.379141620852206]
341:[-0.018099200261721668, -0.0006586924120001318, 3.385420936226021]
342:[-0.011582960487340565, -0.006789793167782034, 3.3913322075346564]
343:[-0.005994678029597933, -0.014810724764747362, 3.3889458558641032]
344:[0.005524607544881043, -0.013701229557170926, 3.3922037506956735]
345:[0.013766476617201524, -0.008397871263388139, 3.3910230228276785]
346:[0.0172443382221021, 0.005813458437477978, 3.389323359570863]
347:[0.011978884787437341, 0.008487760323014747, 3.381895670628417]
348:[0.006446059691718889, 0.013444997550014038, 3.3754219942528936]
349:[-0.0028931463826198877, 0.014199808480813493, 3.3779986671299187]
350:[-0.01046864437543359, 0.009194442493774376, 3.3812576620832786]
