# Image list with two lines of data per image:
# IMAGE_ID, QW, QX, QY, QZ, TX, TY, TZ, CAMERA_ID, NAME
# POINTS2D[] as (X, Y, POINT3D_ID)
1 0.732911 -0.611537 0.230278 -0.189304 -0.016770 0.004011 3.397487 1 images0001.ToneMapper.dst.1.RGBA.png

2 0.622972 -0.526974 0.439151 -0.375965 -0.011265 0.004169 3.419469 1 images0002.ToneMapper.dst.1.RGBA.png

3 0.459023 -0.382519 0.612527 -0.517482 -0.004225 0.013071 3.405054 1 images0003.ToneMapper.dst.1.RGBA.png

4 0.245468 -0.205388 0.722931 -0.612318 0.002740 0.011823 3.406310 1 images0004.ToneMapper.dst.1.RGBA.png

5 0.011135 -0.005679 0.763880 -0.645237 0.013175 0.007393 3.400156 1 images0005.ToneMapper.dst.1.RGBA.png

6 -0.228872 0.190465 0.731901 -0.612913 0.013220 0.000055 3.396789 1 images0006.ToneMapper.dst.1.RGBA.png

7 -0.444369 0.369817 0.624154 -0.525550 0.010762 -0.009320 3.397143 1 images0007.ToneMapper.dst.1.RGBA.png

8 0.615483 -0.514323 -0.454871 0.386969 0.000868 -0.015818 3.394033 1 images0008.ToneMapper.dst.1.RGBA.png

9 0.728318 -0.606256 -0.242339 0.208034 -0.006633 -0.013773 3.392483 1 images0009.ToneMapper.dst.1.RGBA.png

10 0.768225 -0.640079 -0.007340 0.008693 -0.013170 -0.006150 3.396529 1 images0010.ToneMapper.dst.1.RGBA.png

11 0.863427 -0.495707 0.081882 -0.045426 -0.013484 -0.006477 3.391899 1 images0011.ToneMapper.dst.1.RGBA.png

12 0.850610 -0.487334 0.171397 -0.097933 -0.012841 -0.003949 3.391264 1 images0012.ToneMapper.dst.1.RGBA.png

13 0.828205 -0.474665 0.258042 -0.148943 -0.012390 -0.001816 3.392015 1 images0013.ToneMapper.dst.1.RGBA.png

14 0.796676 -0.456364 0.343194 -0.198135 -0.012557 0.000932 3.390932 1 images0014.ToneMapper.dst.1.RGBA.png

15 0.756870 -0.432845 0.423395 -0.246030 -0.011175 0.003311 3.391671 1 images0015.ToneMapper.dst.1.RGBA.png

16 0.708504 -0.405112 0.499410 -0.290682 -0.010145 0.004465 3.395329 1 images0016.ToneMapper.dst.1.RGBA.png

17 0.652315 -0.371822 0.570323 -0.333114 -0.008761 0.005048 3.399010 1 images0017.ToneMapper.dst.1.RGBA.png

18 0.587928 -0.336648 0.635585 -0.370189 -0.007422 0.006223 3.404417 1 images0018.ToneMapper.dst.1.RGBA.png

19 0.517525 -0.297418 0.693316 -0.403762 -0.005583 0.006648 3.408203 1 images0019.ToneMapper.dst.1.RGBA.png

20 0.440796 -0.255043 0.743571 -0.433306 -0.004196 0.007412 3.410395 1 images0020.ToneMapper.dst.1.RGBA.png

21 0.360951 -0.208541 0.786196 -0.456203 -0.001024 0.008963 3.411875 1 images0021.ToneMapper.dst.1.RGBA.png

22 0.276590 -0.159560 0.819224 -0.476352 0.002256 0.009283 3.410528 1 images0022.ToneMapper.dst.1.RGBA.png

23 0.189877 -0.109108 0.844066 -0.489485 0.005862 0.008365 3.405664 1 images0023.ToneMapper.dst.1.RGBA.png

24 0.101961 -0.056730 0.859333 -0.497928 0.009865 0.007568 3.401750 1 images0024.ToneMapper.dst.1.RGBA.png

25 0.011057 -0.004826 0.865041 -0.501555 0.011511 0.004862 3.400046 1 images0025.ToneMapper.dst.1.RGBA.png

26 -0.079032 0.047500 0.861730 -0.498917 0.013160 0.002646 3.395725 1 images0026.ToneMapper.dst.1.RGBA.png

27 -0.168884 0.099097 0.848376 -0.491850 0.014428 -0.000187 3.394376 1 images0027.ToneMapper.dst.1.RGBA.png

28 -0.257094 0.149293 0.826088 -0.478741 0.014039 -0.001961 3.393524 1 images0028.ToneMapper.dst.1.RGBA.png

29 -0.342098 0.198179 0.795123 -0.459862 0.013082 -0.004684 3.391298 1 images0029.ToneMapper.dst.1.RGBA.png

30 -0.423874 0.244725 0.754585 -0.437083 0.011911 -0.007120 3.390740 1 images0030.ToneMapper.dst.1.RGBA.png

31 0.501250 -0.288288 -0.705441 0.409868 0.010151 -0.009544 3.390095 1 images0031.ToneMapper.dst.1.RGBA.png

32 0.572650 -0.329316 -0.648648 0.377994 0.007299 -0.011744 3.391043 1 images0032.ToneMapper.dst.1.RGBA.png

33 0.637665 -0.366614 -0.585390 0.341021 0.005593 -0.012976 3.391557 1 images0033.ToneMapper.dst.1.RGBA.png

34 0.695137 -0.400298 -0.516195 0.300148 0.003493 -0.014054 3.391054 1 images0034.ToneMapper.dst.1.RGBA.png

35 0.745959 -0.429085 -0.439733 0.257033 -0.000033 -0.014591 3.388688 1 images0035.ToneMapper.dst.1.RGBA.png

36 0.788533 -0.452555 -0.359594 0.210005 -0.002447 -0.013740 3.388198 1 images0036.ToneMapper.dst.1.RGBA.png

37 0.822190 -0.471254 -0.275544 0.161241 -0.005309 -0.013257 3.389936 1 images0037.ToneMapper.dst.1.RGBA.png

38 0.846436 -0.485478 -0.188888 0.110363 -0.007565 -0.012507 3.390112 1 images0038.ToneMapper.dst.1.RGBA.png

39 0.861481 -0.494487 -0.099322 0.058897 -0.010388 -0.011151 3.392102 1 images0039.ToneMapper.dst.1.RGBA.png

40 0.867492 -0.497334 -0.008355 0.006832 -0.013164 -0.008812 3.391045 1 images0040.ToneMapper.dst.1.RGBA.png

41 0.965730 -0.256300 0.039508 -0.010765 -0.011350 -0.007876 3.389247 1 images0041.ToneMapper.dst.1.RGBA.png

42 0.961885 -0.256926 0.090524 -0.023927 -0.012169 -0.007736 3.388481 1 images0042.ToneMapper.dst.1.RGBA.png

43 0.955908 -0.254955 0.140840 -0.037435 -0.012495 -0.006747 3.385662 1 images0043.ToneMapper.dst.1.RGBA.png

44 0.947260 -0.252748 0.190303 -0.051011 -0.013325 -0.006734 3.387828 1 images0044.ToneMapper.dst.1.RGBA.png

45 0.935899 -0.249726 0.240055 -0.064062 -0.013783 -0.005961 3.386372 1 images0045.ToneMapper.dst.1.RGBA.png

46 0.922384 -0.245447 0.288056 -0.077379 -0.012998 -0.005396 3.388325 1 images0046.ToneMapper.dst.1.RGBA.png

47 0.905967 -0.240936 0.336211 -0.090196 -0.013211 -0.004718 3.387325 1 images0047.ToneMapper.dst.1.RGBA.png

48 0.886869 -0.235570 0.383996 -0.102555 -0.013073 -0.003258 3.387754 1 images0048.ToneMapper.dst.1.RGBA.png

49 0.865595 -0.230057 0.429597 -0.115177 -0.012626 -0.002454 3.389990 1 images0049.ToneMapper.dst.1.RGBA.png

50 0.842359 -0.223807 0.473458 -0.127198 -0.013294 -0.001812 3.393795 1 images0050.ToneMapper.dst.1.RGBA.png

51 0.816139 -0.217186 0.517230 -0.138640 -0.012566 -0.000779 3.391202 1 images0051.ToneMapper.dst.1.RGBA.png

52 0.788364 -0.209517 0.558590 -0.150210 -0.012029 -0.000736 3.393325 1 images0052.ToneMapper.dst.1.RGBA.png

53 0.758301 -0.200796 0.598919 -0.161113 -0.010437 -0.000350 3.394160 1 images0053.ToneMapper.dst.1.RGBA.png

54 0.726031 -0.191921 0.637410 -0.172493 -0.009925 -0.001308 3.404023 1 images0054.ToneMapper.dst.1.RGBA.png

55 0.691972 -0.182882 0.674323 -0.181707 -0.009622 -0.000988 3.405301 1 images0055.ToneMapper.dst.1.RGBA.png

56 0.655988 -0.172569 0.709281 -0.191889 -0.008109 0.000302 3.408564 1 images0056.ToneMapper.dst.1.RGBA.png

57 0.617527 -0.163117 0.742841 -0.200600 -0.007404 -0.000193 3.413183 1 images0057.ToneMapper.dst.1.RGBA.png

58 0.577354 -0.152563 0.774501 -0.208651 -0.006278 0.000347 3.414601 1 images0058.ToneMapper.dst.1.RGBA.png

59 0.536390 -0.141015 0.803528 -0.216201 -0.004541 0.000666 3.412653 1 images0059.ToneMapper.dst.1.RGBA.png

60 0.493625 -0.129925 0.830026 -0.224745 -0.002252 0.001595 3.413136 1 images0060.ToneMapper.dst.1.RGBA.png

61 0.449518 -0.118229 0.854611 -0.231507 -0.000716 0.001938 3.411665 1 images0061.ToneMapper.dst.1.RGBA.png

62 0.404024 -0.105916 0.877050 -0.237338 0.001170 0.002122 3.410369 1 images0062.ToneMapper.dst.1.RGBA.png

63 0.357268 -0.093446 0.897085 -0.242624 0.002526 0.002822 3.407927 1 images0063.ToneMapper.dst.1.RGBA.png

64 0.310034 -0.080825 0.914481 -0.247126 0.004331 0.002657 3.408759 1 images0064.ToneMapper.dst.1.RGBA.png

65 0.262234 -0.067629 0.929295 -0.251139 0.006094 0.002159 3.407539 1 images0065.ToneMapper.dst.1.RGBA.png

66 0.213589 -0.054525 0.941489 -0.254962 0.007164 0.002044 3.405148 1 images0066.ToneMapper.dst.1.RGBA.png

67 0.164026 -0.041395 0.951278 -0.257784 0.008688 0.001537 3.403960 1 images0067.ToneMapper.dst.1.RGBA.png

68 0.113369 -0.028091 0.958507 -0.260043 0.009848 0.001381 3.403855 1 images0068.ToneMapper.dst.1.RGBA.png

69 0.062091 -0.015178 0.963355 -0.260501 0.010381 0.001324 3.400652 1 images0069.ToneMapper.dst.1.RGBA.png

70 0.011449 -0.001491 0.965360 -0.260664 0.011478 0.000764 3.399567 1 images0070.ToneMapper.dst.1.RGBA.png

71 -0.037924 0.012133 0.964685 -0.260379 0.012662 0.000140 3.399336 1 images0071.ToneMapper.dst.1.RGBA.png

72 -0.088922 0.025222 0.961153 -0.260079 0.013245 -0.000310 3.398558 1 images0072.ToneMapper.dst.1.RGBA.png

73 -0.138921 0.038521 0.955278 -0.258190 0.013832 -0.001064 3.396162 1 images0073.ToneMapper.dst.1.RGBA.png

74 -0.189083 0.051790 0.946712 -0.255543 0.014152 -0.001343 3.393647 1 images0074.ToneMapper.dst.1.RGBA.png

75 -0.238245 0.064752 0.935474 -0.252855 0.014350 -0.002493 3.394210 1 images0075.ToneMapper.dst.1.RGBA.png

76 -0.287204 0.077616 0.921675 -0.249007 0.014223 -0.003330 3.393557 1 images0076.ToneMapper.dst.1.RGBA.png

77 -0.335308 0.090245 0.905434 -0.244160 0.013263 -0.003764 3.391051 1 images0077.ToneMapper.dst.1.RGBA.png

78 -0.382214 0.102793 0.886589 -0.239386 0.013136 -0.004805 3.390514 1 images0078.ToneMapper.dst.1.RGBA.png

79 -0.428432 0.114483 0.865314 -0.233608 0.012561 -0.005842 3.389618 1 images0079.ToneMapper.dst.1.RGBA.png

80 -0.473449 0.126198 0.841547 -0.227416 0.011935 -0.006316 3.387675 1 images0080.ToneMapper.dst.1.RGBA.png

81 0.517265 -0.137311 -0.815499 0.220329 0.011291 -0.006714 3.384215 1 images0081.ToneMapper.dst.1.RGBA.png

82 0.559219 -0.148504 -0.787526 0.212188 0.010450 -0.006971 3.382028 1 images0082.ToneMapper.dst.1.RGBA.png

83 0.599766 -0.159279 -0.757229 0.203752 0.009582 -0.007468 3.381572 1 images0083.ToneMapper.dst.1.RGBA.png

84 0.637953 -0.170481 -0.725154 0.195202 0.009081 -0.007270 3.381280 1 images0084.ToneMapper.dst.1.RGBA.png

85 0.675004 -0.180571 -0.690713 0.186223 0.008240 -0.008080 3.382385 1 images0085.ToneMapper.dst.1.RGBA.png

86 0.710691 -0.189561 -0.654118 0.176394 0.007331 -0.008485 3.379871 1 images0086.ToneMapper.dst.1.RGBA.png

87 0.743799 -0.198651 -0.616245 0.165959 0.005907 -0.009271 3.380892 1 images0087.ToneMapper.dst.1.RGBA.png

88 0.775396 -0.206379 -0.576284 0.155129 0.004473 -0.009564 3.380101 1 images0088.ToneMapper.dst.1.RGBA.png

89 0.804283 -0.214540 -0.535068 0.144237 0.003538 -0.010189 3.382478 1 images0089.ToneMapper.dst.1.RGBA.png

90 0.831168 -0.221577 -0.492368 0.132806 0.002362 -0.010746 3.383433 1 images0090.ToneMapper.dst.1.RGBA.png

91 0.856215 -0.227463 -0.447721 0.121249 0.000844 -0.010417 3.381303 1 images0091.ToneMapper.dst.1.RGBA.png

92 0.878366 -0.233426 -0.402681 0.108783 -0.000980 -0.010424 3.380261 1 images0092.ToneMapper.dst.1.RGBA.png

93 0.898264 -0.238646 -0.356236 0.096261 -0.002316 -0.010649 3.380351 1 images0093.ToneMapper.dst.1.RGBA.png

94 0.915595 -0.244275 -0.308269 0.083583 -0.003603 -0.010708 3.385085 1 images0094.ToneMapper.dst.1.RGBA.png

95 0.930864 -0.247380 -0.259472 0.070495 -0.005632 -0.010460 3.383926 1 images0095.ToneMapper.dst.1.RGBA.png

96 0.943008 -0.250630 -0.211353 0.057015 -0.006826 -0.010269 3.385034 1 images0096.ToneMapper.dst.1.RGBA.png

97 0.952931 -0.252820 -0.161568 0.043591 -0.007715 -0.009777 3.386577 1 images0097.ToneMapper.dst.1.RGBA.png

98 0.959954 -0.255235 -0.111473 0.030280 -0.008485 -0.009785 3.387285 1 images0098.ToneMapper.dst.1.RGBA.png

99 0.964572 -0.256194 -0.060635 0.017003 -0.009590 -0.009375 3.388063 1 images0099.ToneMapper.dst.1.RGBA.png

100 0.966399 -0.256814 -0.010467 0.003141 -0.010643 -0.008592 3.388589 1 images0100.ToneMapper.dst.1.RGBA.png

101 0.999948 0.001519 0.010077 0.000613 -0.011314 -0.005355 3.383830 1 images0101.ToneMapper.dst.1.RGBA.png

102 0.999513 0.002212 0.031108 0.000446 -0.011357 -0.005757 3.385513 1 images0102.ToneMapper.dst.1.RGBA.png

103 0.998646 0.002349 0.051974 0.000379 -0.011420 -0.005800 3.385919 1 images0103.ToneMapper.dst.1.RGBA.png

104 0.997300 0.002328 0.073393 0.000511 -0.011683 -0.005999 3.387471 1 images0104.ToneMapper.dst.1.RGBA.png

105 0.995501 0.002451 0.094721 0.000456 -0.011557 -0.006050 3.386984 1 images0105.ToneMapper.dst.1.RGBA.png

106 0.993329 0.002866 0.115281 0.000371 -0.011902 -0.006238 3.388143 1 images0106.ToneMapper.dst.1.RGBA.png

107 0.990711 0.002580 0.135962 0.000329 -0.011921 -0.006309 3.388097 1 images0107.ToneMapper.dst.1.RGBA.png

108 0.987621 0.003125 0.156825 0.000196 -0.012060 -0.006801 3.387784 1 images0108.ToneMapper.dst.1.RGBA.png

109 0.984060 0.002285 0.177824 0.000265 -0.011994 -0.005886 3.386862 1 images0109.ToneMapper.dst.1.RGBA.png

110 0.980119 0.002175 0.198397 0.000304 -0.012206 -0.005796 3.385840 1 images0110.ToneMapper.dst.1.RGBA.png

111 0.975841 0.001486 0.218475 0.000401 -0.012864 -0.005350 3.385694 1 images0111.ToneMapper.dst.1.RGBA.png

112 0.971007 0.001649 0.239044 0.000235 -0.012758 -0.005645 3.384845 1 images0112.ToneMapper.dst.1.RGBA.png

113 0.966002 0.003194 0.258516 0.000146 -0.012769 -0.006802 3.388288 1 images0113.ToneMapper.dst.1.RGBA.png

114 0.960386 0.002349 0.278662 0.000224 -0.012911 -0.006386 3.388121 1 images0114.ToneMapper.dst.1.RGBA.png

115 0.954269 0.002572 0.298939 0.000284 -0.013002 -0.006744 3.388536 1 images0115.ToneMapper.dst.1.RGBA.png

116 0.947748 0.002700 0.319007 0.000319 -0.012817 -0.007087 3.390041 1 images0116.ToneMapper.dst.1.RGBA.png

117 0.941077 0.002940 0.338179 0.000215 -0.013197 -0.007571 3.392401 1 images0117.ToneMapper.dst.1.RGBA.png

118 0.933622 0.002967 0.358247 0.000117 -0.012450 -0.007175 3.391659 1 images0118.ToneMapper.dst.1.RGBA.png

119 0.926033 0.002841 0.377432 0.000309 -0.012885 -0.007269 3.393311 1 images0119.ToneMapper.dst.1.RGBA.png

120 0.917899 0.003192 0.396801 0.000128 -0.012666 -0.007723 3.394523 1 images0120.ToneMapper.dst.1.RGBA.png

121 0.909327 0.002692 0.416074 0.000070 -0.012485 -0.007395 3.393140 1 images0121.ToneMapper.dst.1.RGBA.png

122 0.900389 0.002980 0.435075 -0.000087 -0.012019 -0.007705 3.392953 1 images0122.ToneMapper.dst.1.RGBA.png

123 0.891033 0.002849 0.453930 -0.000202 -0.011549 -0.007362 3.394547 1 images0123.ToneMapper.dst.1.RGBA.png

124 0.881446 0.002773 0.472277 -0.000138 -0.011779 -0.007569 3.393240 1 images0124.ToneMapper.dst.1.RGBA.png

125 0.871409 0.002672 0.490550 -0.000036 -0.012203 -0.007341 3.395597 1 images0125.ToneMapper.dst.1.RGBA.png

126 0.860948 0.003070 0.508684 -0.000437 -0.011642 -0.007871 3.397406 1 images0126.ToneMapper.dst.1.RGBA.png

127 0.850272 0.003074 0.526335 -0.000377 -0.011776 -0.008085 3.399914 1 images0127.ToneMapper.dst.1.RGBA.png

128 0.839104 0.003289 0.543961 -0.000387 -0.011626 -0.008642 3.401355 1 images0128.ToneMapper.dst.1.RGBA.png

129 0.827391 0.003353 0.561616 -0.000516 -0.010959 -0.008423 3.399562 1 images0129.ToneMapper.dst.1.RGBA.png

130 0.815554 0.002778 0.578674 -0.000515 -0.011195 -0.007775 3.400577 1 images0130.ToneMapper.dst.1.RGBA.png

131 0.803042 0.002813 0.595915 -0.000570 -0.009806 -0.007740 3.400371 1 images0131.ToneMapper.dst.1.RGBA.png

132 0.790457 0.003073 0.612509 -0.000899 -0.009499 -0.008107 3.400244 1 images0132.ToneMapper.dst.1.RGBA.png

133 0.777293 0.003358 0.629130 -0.000845 -0.009000 -0.009116 3.402488 1 images0133.ToneMapper.dst.1.RGBA.png

134 0.763950 0.003802 0.645264 -0.000997 -0.008557 -0.009670 3.403854 1 images0134.ToneMapper.dst.1.RGBA.png

135 0.750234 0.003822 0.661160 -0.001122 -0.008643 -0.009518 3.404780 1 images0135.ToneMapper.dst.1.RGBA.png

136 0.735743 0.002817 0.677252 -0.001667 -0.008228 -0.008913 3.407094 1 images0136.ToneMapper.dst.1.RGBA.png

137 0.721506 0.003308 0.692398 -0.001694 -0.008364 -0.009536 3.408178 1 images0137.ToneMapper.dst.1.RGBA.png

138 0.706563 0.003104 0.707642 -0.001564 -0.007764 -0.009724 3.410880 1 images0138.ToneMapper.dst.1.RGBA.png

139 0.691489 0.003104 0.722378 -0.001540 -0.007216 -0.010066 3.412085 1 images0139.ToneMapper.dst.1.RGBA.png

140 0.676299 0.003180 0.736618 -0.001651 -0.007437 -0.009642 3.409779 1 images0140.ToneMapper.dst.1.RGBA.png

141 0.660837 0.003142 0.750522 -0.001414 -0.007104 -0.009945 3.410619 1 images0141.ToneMapper.dst.1.RGBA.png

142 0.644653 0.003166 0.764466 -0.001945 -0.005825 -0.009378 3.410755 1 images0142.ToneMapper.dst.1.RGBA.png

143 0.628705 0.003185 0.777636 -0.001673 -0.006255 -0.009812 3.411704 1 images0143.ToneMapper.dst.1.RGBA.png

144 0.612147 0.002854 0.790735 -0.002353 -0.005586 -0.008899 3.411467 1 images0144.ToneMapper.dst.1.RGBA.png

145 0.595575 0.002947 0.803290 -0.002517 -0.005223 -0.008376 3.409832 1 images0145.ToneMapper.dst.1.RGBA.png

146 0.578577 0.002761 0.815620 -0.002305 -0.004837 -0.008540 3.410857 1 images0146.ToneMapper.dst.1.RGBA.png

147 0.561129 0.002793 0.827722 -0.001821 -0.003882 -0.009329 3.413164 1 images0147.ToneMapper.dst.1.RGBA.png

148 0.543558 0.002828 0.839365 -0.001648 -0.003618 -0.009293 3.412727 1 images0148.ToneMapper.dst.1.RGBA.png

149 0.525931 0.002913 0.850520 -0.001929 -0.002977 -0.009319 3.411590 1 images0149.ToneMapper.dst.1.RGBA.png

150 0.507994 0.002863 0.861352 -0.002432 -0.002726 -0.008632 3.412031 1 images0150.ToneMapper.dst.1.RGBA.png

151 0.489858 0.002594 0.871795 -0.002421 -0.002162 -0.008552 3.413009 1 images0151.ToneMapper.dst.1.RGBA.png

152 0.471518 0.002541 0.881850 -0.002369 -0.001603 -0.008531 3.412880 1 images0152.ToneMapper.dst.1.RGBA.png

153 0.452949 0.002475 0.891529 -0.002615 -0.001149 -0.008484 3.412775 1 images0153.ToneMapper.dst.1.RGBA.png

154 0.434808 0.002430 0.900517 -0.002319 -0.001040 -0.008495 3.411344 1 images0154.ToneMapper.dst.1.RGBA.png

155 0.415461 0.002433 0.909604 -0.002570 -0.000609 -0.008187 3.410421 1 images0155.ToneMapper.dst.1.RGBA.png

156 0.396268 0.002465 0.918130 -0.001847 0.000047 -0.008857 3.410742 1 images0156.ToneMapper.dst.1.RGBA.png

157 0.377270 0.002162 0.926096 -0.003051 0.000123 -0.007880 3.410513 1 images0157.ToneMapper.dst.1.RGBA.png

158 0.357449 0.002188 0.933926 -0.002689 0.001019 -0.007806 3.409601 1 images0158.ToneMapper.dst.1.RGBA.png

159 0.338057 0.002187 0.941118 -0.003033 0.001504 -0.007731 3.409608 1 images0159.ToneMapper.dst.1.RGBA.png

160 0.318197 0.002122 0.948017 -0.003241 0.002303 -0.007051 3.408726 1 images0160.ToneMapper.dst.1.RGBA.png

161 0.298688 0.002377 0.954342 -0.003332 0.002703 -0.007156 3.408738 1 images0161.ToneMapper.dst.1.RGBA.png

162 0.279096 0.002298 0.960251 -0.004335 0.003251 -0.006346 3.407913 1 images0162.ToneMapper.dst.1.RGBA.png

163 0.259499 0.002287 0.965730 -0.004588 0.003668 -0.006008 3.407580 1 images0163.ToneMapper.dst.1.RGBA.png

164 0.238590 0.001999 0.971108 -0.004445 0.004432 -0.006042 3.408031 1 images0164.ToneMapper.dst.1.RGBA.png

165 0.218079 0.001891 0.975918 -0.004620 0.005178 -0.005805 3.408094 1 images0165.ToneMapper.dst.1.RGBA.png

166 0.197364 0.001915 0.980318 -0.004535 0.005831 -0.005889 3.407290 1 images0166.ToneMapper.dst.1.RGBA.png

167 0.177188 0.001910 0.984164 -0.004639 0.006434 -0.005659 3.406771 1 images0167.ToneMapper.dst.1.RGBA.png

168 0.156565 0.001889 0.987657 -0.004237 0.006889 -0.005852 3.405683 1 images0168.ToneMapper.dst.1.RGBA.png

169 0.135926 0.001716 0.990706 -0.004873 0.007803 -0.005094 3.403720 1 images0169.ToneMapper.dst.1.RGBA.png

170 0.115431 0.001855 0.993302 -0.004742 0.008738 -0.005358 3.403504 1 images0170.ToneMapper.dst.1.RGBA.png

171 0.094427 0.001846 0.995517 -0.005137 0.009451 -0.004546 3.400497 1 images0171.ToneMapper.dst.1.RGBA.png

172 0.073422 0.001892 0.997287 -0.004929 0.010152 -0.004527 3.400911 1 images0172.ToneMapper.dst.1.RGBA.png

173 0.052698 0.001812 0.998594 -0.005456 0.010640 -0.004043 3.398855 1 images0173.ToneMapper.dst.1.RGBA.png

174 0.032346 0.001749 0.999459 -0.005606 0.011111 -0.003733 3.398361 1 images0174.ToneMapper.dst.1.RGBA.png

175 0.011235 0.001715 0.999918 -0.005834 0.011698 -0.003494 3.397275 1 images0175.ToneMapper.dst.1.RGBA.png

176 -0.009597 0.001486 0.999934 -0.006153 0.011902 -0.003449 3.395408 1 images0176.ToneMapper.dst.1.RGBA.png

177 -0.030261 0.001775 0.999525 -0.005520 0.012319 -0.003220 3.393901 1 images0177.ToneMapper.dst.1.RGBA.png

178 -0.051345 0.001620 0.998662 -0.005890 0.012496 -0.002645 3.393510 1 images0178.ToneMapper.dst.1.RGBA.png

179 -0.072098 0.001688 0.997381 -0.005481 0.012844 -0.003012 3.392942 1 images0179.ToneMapper.dst.1.RGBA.png

180 -0.092592 0.001782 0.995686 -0.005676 0.012931 -0.002877 3.392286 1 images0180.ToneMapper.dst.1.RGBA.png

181 -0.113141 0.001927 0.993564 -0.005089 0.013693 -0.003074 3.390920 1 images0181.ToneMapper.dst.1.RGBA.png

182 -0.134119 0.001933 0.990952 -0.004715 0.014068 -0.003138 3.390827 1 images0182.ToneMapper.dst.1.RGBA.png

183 -0.154225 0.001907 0.988021 -0.005059 0.014225 -0.003133 3.390681 1 images0183.ToneMapper.dst.1.RGBA.png

184 -0.174731 0.001998 0.984602 -0.004984 0.014567 -0.002948 3.390642 1 images0184.ToneMapper.dst.1.RGBA.png

185 -0.195055 0.001929 0.980778 -0.004819 0.014756 -0.002789 3.388677 1 images0185.ToneMapper.dst.1.RGBA.png

186 -0.215169 0.001784 0.976562 -0.005010 0.014456 -0.002949 3.390037 1 images0186.ToneMapper.dst.1.RGBA.png

187 -0.235729 0.001716 0.971803 -0.005221 0.014521 -0.002704 3.388101 1 images0187.ToneMapper.dst.1.RGBA.png

188 -0.255606 0.001813 0.966766 -0.005024 0.014632 -0.003071 3.388615 1 images0188.ToneMapper.dst.1.RGBA.png

189 -0.275578 0.001649 0.961262 -0.005414 0.014148 -0.002749 3.388192 1 images0189.ToneMapper.dst.1.RGBA.png

190 -0.295833 0.001958 0.955223 -0.005191 0.014280 -0.002632 3.389044 1 images0190.ToneMapper.dst.1.RGBA.png

191 -0.315862 0.002135 0.948790 -0.004996 0.014375 -0.002098 3.386838 1 images0191.ToneMapper.dst.1.RGBA.png

192 -0.335896 0.002244 0.941884 -0.004772 0.014566 -0.002426 3.386263 1 images0192.ToneMapper.dst.1.RGBA.png

193 -0.355955 0.002253 0.934490 -0.004430 0.014412 -0.002832 3.388020 1 images0193.ToneMapper.dst.1.RGBA.png

194 -0.375982 0.002120 0.926613 -0.004630 0.014370 -0.002989 3.387659 1 images0194.ToneMapper.dst.1.RGBA.png

195 -0.395735 0.002158 0.918350 -0.004718 0.014925 -0.002616 3.385210 1 images0195.ToneMapper.dst.1.RGBA.png

196 -0.415078 0.001747 0.909773 -0.004525 0.015053 -0.002733 3.385264 1 images0196.ToneMapper.dst.1.RGBA.png

197 -0.433846 0.001736 0.900974 -0.004396 0.014548 -0.002711 3.383798 1 images0197.ToneMapper.dst.1.RGBA.png

198 -0.452613 0.001973 0.891694 -0.004341 0.014487 -0.002201 3.382644 1 images0198.ToneMapper.dst.1.RGBA.png

199 -0.471552 0.001584 0.881827 -0.004234 0.014258 -0.002396 3.380243 1 images0199.ToneMapper.dst.1.RGBA.png

200 0.489706 -0.001770 -0.871874 0.004474 0.013652 -0.002062 3.378526 1 images0200.ToneMapper.dst.1.RGBA.png

201 0.507822 -0.001438 -0.861451 0.004019 0.012981 -0.003114 3.381564 1 images0201.ToneMapper.dst.1.RGBA.png

202 0.525635 -0.001380 -0.850699 0.004095 0.012840 -0.003222 3.379629 1 images0202.ToneMapper.dst.1.RGBA.png

203 0.543670 -0.001417 -0.839287 0.004170 0.012676 -0.002747 3.378050 1 images0203.ToneMapper.dst.1.RGBA.png

204 0.560789 -0.001514 -0.827948 0.003893 0.012200 -0.002943 3.377043 1 images0204.ToneMapper.dst.1.RGBA.png

205 0.578344 -0.001124 -0.815785 0.003478 0.012116 -0.003434 3.378730 1 images0205.ToneMapper.dst.1.RGBA.png

206 0.595193 -0.001409 -0.803573 0.003614 0.011805 -0.003192 3.377355 1 images0206.ToneMapper.dst.1.RGBA.png

207 0.611888 -0.001027 -0.790936 0.003383 0.011388 -0.003549 3.377145 1 images0207.ToneMapper.dst.1.RGBA.png

208 0.627810 -0.001129 -0.778359 0.003275 0.010512 -0.003402 3.374597 1 images0208.ToneMapper.dst.1.RGBA.png

209 0.644256 -0.000942 -0.764804 0.002715 0.010301 -0.003832 3.374020 1 images0209.ToneMapper.dst.1.RGBA.png

210 0.660476 -0.000996 -0.750843 0.002336 0.010331 -0.004325 3.375492 1 images0210.ToneMapper.dst.1.RGBA.png

211 0.675582 -0.000868 -0.737281 0.002363 0.009597 -0.004253 3.373520 1 images0211.ToneMapper.dst.1.RGBA.png

212 0.690514 -0.000787 -0.723316 0.001976 0.008605 -0.005083 3.376898 1 images0212.ToneMapper.dst.1.RGBA.png

213 0.705897 -0.000734 -0.708311 0.002126 0.008815 -0.004891 3.375014 1 images0213.ToneMapper.dst.1.RGBA.png

214 0.720883 -0.000391 -0.693055 0.001898 0.008718 -0.005272 3.375006 1 images0214.ToneMapper.dst.1.RGBA.png

215 0.735141 -0.000671 -0.677911 0.001871 0.008222 -0.005012 3.375165 1 images0215.ToneMapper.dst.1.RGBA.png

216 0.749385 -0.000725 -0.662130 0.002184 0.007901 -0.004896 3.375406 1 images0216.ToneMapper.dst.1.RGBA.png

217 0.763157 -0.000395 -0.646210 0.001967 0.007349 -0.005325 3.375346 1 images0217.ToneMapper.dst.1.RGBA.png

218 0.776570 -0.000572 -0.630028 0.001899 0.006636 -0.005010 3.376108 1 images0218.ToneMapper.dst.1.RGBA.png

219 0.789601 -0.000491 -0.613617 0.001799 0.006319 -0.004595 3.376157 1 images0219.ToneMapper.dst.1.RGBA.png

220 0.802215 -0.000167 -0.597033 0.001545 0.005755 -0.005391 3.377319 1 images0220.ToneMapper.dst.1.RGBA.png

221 0.814858 0.000018 -0.579659 0.001720 0.005318 -0.005032 3.377701 1 images0221.ToneMapper.dst.1.RGBA.png

222 0.826686 0.000122 -0.562661 0.001350 0.004884 -0.005498 3.377231 1 images0222.ToneMapper.dst.1.RGBA.png

223 0.838189 -0.000041 -0.545378 0.001672 0.003682 -0.005249 3.378359 1 images0223.ToneMapper.dst.1.RGBA.png

224 0.849369 0.000124 -0.527797 0.001604 0.002988 -0.005403 3.377910 1 images0224.ToneMapper.dst.1.RGBA.png

225 0.860504 -0.000053 -0.509442 0.001674 0.002945 -0.005133 3.378178 1 images0225.ToneMapper.dst.1.RGBA.png

226 0.870686 0.000154 -0.491837 0.001560 0.001746 -0.005325 3.378334 1 images0226.ToneMapper.dst.1.RGBA.png

227 0.880792 0.000286 -0.473500 0.001480 0.001259 -0.005435 3.378427 1 images0227.ToneMapper.dst.1.RGBA.png

228 0.890767 0.000384 -0.454458 0.001493 0.001169 -0.005283 3.378931 1 images0228.ToneMapper.dst.1.RGBA.png

229 0.900206 0.000564 -0.435461 0.001425 0.000587 -0.005157 3.379356 1 images0229.ToneMapper.dst.1.RGBA.png

230 0.909091 0.000338 -0.416595 0.001601 -0.000124 -0.004362 3.379035 1 images0230.ToneMapper.dst.1.RGBA.png

231 0.917500 0.000537 -0.397733 0.001511 -0.000959 -0.004540 3.376948 1 images0231.ToneMapper.dst.1.RGBA.png

232 0.925514 0.000435 -0.378710 0.001492 -0.001375 -0.004151 3.377398 1 images0232.ToneMapper.dst.1.RGBA.png

233 0.933251 0.000992 -0.359220 0.001400 -0.002183 -0.004443 3.377233 1 images0233.ToneMapper.dst.1.RGBA.png

234 0.940561 0.000861 -0.339621 0.001324 -0.002605 -0.004615 3.377358 1 images0234.ToneMapper.dst.1.RGBA.png

235 0.947564 0.001583 -0.319560 0.001172 -0.003606 -0.004993 3.377991 1 images0235.ToneMapper.dst.1.RGBA.png

236 0.954116 0.001432 -0.299431 0.001340 -0.004382 -0.004892 3.378720 1 images0236.ToneMapper.dst.1.RGBA.png

237 0.960175 0.001572 -0.279392 0.001219 -0.004731 -0.004962 3.377971 1 images0237.ToneMapper.dst.1.RGBA.png

238 0.965756 0.001828 -0.259444 0.001204 -0.005646 -0.005124 3.378471 1 images0238.ToneMapper.dst.1.RGBA.png

239 0.971009 0.002258 -0.239029 0.001297 -0.006592 -0.005081 3.378019 1 images0239.ToneMapper.dst.1.RGBA.png

240 0.975721 0.002115 -0.219003 0.001236 -0.007124 -0.005319 3.379301 1 images0240.ToneMapper.dst.1.RGBA.png

241 0.980062 0.002014 -0.198679 0.001274 -0.007904 -0.004907 3.377943 1 images0241.ToneMapper.dst.1.RGBA.png

242 0.984097 0.002321 -0.177612 0.001048 -0.007998 -0.005301 3.379842 1 images0242.ToneMapper.dst.1.RGBA.png

243 0.987652 0.002275 -0.156644 0.000856 -0.008088 -0.005458 3.382268 1 images0243.ToneMapper.dst.1.RGBA.png

244 0.990716 0.001477 -0.135934 0.000951 -0.008577 -0.005111 3.382151 1 images0244.ToneMapper.dst.1.RGBA.png

245 0.993334 0.001964 -0.115250 0.000932 -0.009080 -0.005238 3.381268 1 images0245.ToneMapper.dst.1.RGBA.png

246 0.995524 0.001800 -0.094491 0.000734 -0.009712 -0.004974 3.380129 1 images0246.ToneMapper.dst.1.RGBA.png

247 0.997319 0.002173 -0.073146 0.000699 -0.009603 -0.005296 3.382347 1 images0247.ToneMapper.dst.1.RGBA.png

248 0.998631 0.002346 -0.052256 0.000788 -0.010197 -0.005720 3.381950 1 images0248.ToneMapper.dst.1.RGBA.png

249 0.999497 0.001943 -0.031652 0.000689 -0.010704 -0.005501 3.381345 1 images0249.ToneMapper.dst.1.RGBA.png

250 0.999941 0.001989 -0.010656 0.000542 -0.011051 -0.005011 3.382331 1 images0250.ToneMapper.dst.1.RGBA.png

251 0.964590 0.260551 0.039236 0.011796 -0.012375 -0.001305 3.380076 1 images0251.ToneMapper.dst.1.RGBA.png

252 0.961260 0.259273 0.090145 0.025128 -0.012670 -0.001305 3.380250 1 images0252.ToneMapper.dst.1.RGBA.png

253 0.955566 0.256360 0.140286 0.038632 -0.013502 -0.000889 3.379269 1 images0253.ToneMapper.dst.1.RGBA.png

254 0.946813 0.254195 0.190371 0.051858 -0.013530 -0.001981 3.380282 1 images0254.ToneMapper.dst.1.RGBA.png

255 0.935669 0.251141 0.239182 0.065144 -0.013951 -0.002414 3.382069 1 images0255.ToneMapper.dst.1.RGBA.png

256 0.921770 0.248028 0.287578 0.078234 -0.014033 -0.004251 3.382218 1 images0256.ToneMapper.dst.1.RGBA.png

257 0.905757 0.242774 0.335200 0.091138 -0.014508 -0.003660 3.384306 1 images0257.ToneMapper.dst.1.RGBA.png

258 0.886820 0.238107 0.382229 0.103710 -0.013940 -0.004923 3.385511 1 images0258.ToneMapper.dst.1.RGBA.png

259 0.865300 0.233773 0.428035 0.115725 -0.013537 -0.006958 3.387306 1 images0259.ToneMapper.dst.1.RGBA.png

260 0.841615 0.226891 0.473238 0.127475 -0.012193 -0.006997 3.386578 1 images0260.ToneMapper.dst.1.RGBA.png

261 0.815566 0.220590 0.516599 0.138989 -0.011426 -0.008151 3.389405 1 images0261.ToneMapper.dst.1.RGBA.png

262 0.787416 0.213495 0.558397 0.150296 -0.011392 -0.009019 3.391992 1 images0262.ToneMapper.dst.1.RGBA.png

263 0.756734 0.205367 0.599372 0.161030 -0.009974 -0.009370 3.390786 1 images0263.ToneMapper.dst.1.RGBA.png

264 0.723718 0.197082 0.638908 0.170844 -0.009010 -0.009959 3.392468 1 images0264.ToneMapper.dst.1.RGBA.png

265 0.688593 0.188021 0.676738 0.180318 -0.008245 -0.009719 3.391208 1 images0265.ToneMapper.dst.1.RGBA.png

266 0.652479 0.177881 0.711936 0.189148 -0.008365 -0.010572 3.389054 1 images0266.ToneMapper.dst.1.RGBA.png

267 0.614171 0.167510 0.745220 0.198447 -0.006897 -0.011579 3.388828 1 images0267.ToneMapper.dst.1.RGBA.png

268 0.574411 0.156588 0.776813 0.205169 -0.005326 -0.010145 3.388586 1 images0268.ToneMapper.dst.1.RGBA.png

269 0.532644 0.145474 0.805987 0.213339 -0.003978 -0.011121 3.391751 1 images0269.ToneMapper.dst.1.RGBA.png

270 0.489233 0.134044 0.833079 0.220597 -0.002020 -0.011891 3.392029 1 images0270.ToneMapper.dst.1.RGBA.png

271 0.445074 0.122169 0.857815 0.226137 -0.000602 -0.011262 3.392073 1 images0271.ToneMapper.dst.1.RGBA.png

272 0.399582 0.109972 0.879851 0.232602 0.000623 -0.011624 3.393609 1 images0272.ToneMapper.dst.1.RGBA.png

273 0.352719 0.097468 0.899923 0.237124 0.001889 -0.011200 3.393579 1 images0273.ToneMapper.dst.1.RGBA.png

274 0.305607 0.084647 0.917021 0.241892 0.002723 -0.011227 3.393414 1 images0274.ToneMapper.dst.1.RGBA.png

275 0.256921 0.071725 0.931574 0.247018 0.004388 -0.012098 3.392500 1 images0275.ToneMapper.dst.1.RGBA.png

276 0.208737 0.058376 0.943702 0.249894 0.005305 -0.011678 3.393321 1 images0276.ToneMapper.dst.1.RGBA.png

277 0.159693 0.045143 0.953124 0.253010 0.006409 -0.011526 3.393388 1 images0277.ToneMapper.dst.1.RGBA.png

278 0.109704 0.031735 0.960189 0.254940 0.008258 -0.010969 3.394575 1 images0278.ToneMapper.dst.1.RGBA.png

279 0.059764 0.017654 0.964642 0.256089 0.009151 -0.010102 3.392831 1 images0279.ToneMapper.dst.1.RGBA.png

280 0.008960 0.003956 0.966552 0.256285 0.010441 -0.009158 3.391173 1 images0280.ToneMapper.dst.1.RGBA.png

281 -0.041997 -0.009436 0.965851 0.255499 0.012243 -0.007963 3.390893 1 images0281.ToneMapper.dst.1.RGBA.png

282 -0.091854 -0.023190 0.962329 0.254848 0.012900 -0.007854 3.387856 1 images0282.ToneMapper.dst.1.RGBA.png

283 -0.142138 -0.036449 0.956227 0.253177 0.014813 -0.006888 3.386037 1 images0283.ToneMapper.dst.1.RGBA.png

284 -0.191712 -0.049572 0.947545 0.250894 0.016103 -0.006042 3.383031 1 images0284.ToneMapper.dst.1.RGBA.png

285 -0.240541 -0.062729 0.936423 0.247623 0.017084 -0.005033 3.380765 1 images0285.ToneMapper.dst.1.RGBA.png

286 -0.288691 -0.075793 0.922826 0.243524 0.016777 -0.003442 3.379846 1 images0286.ToneMapper.dst.1.RGBA.png

287 -0.335489 -0.088635 0.906983 0.238691 0.016370 -0.001790 3.380539 1 images0287.ToneMapper.dst.1.RGBA.png

288 -0.382164 -0.101159 0.888525 0.232899 0.015764 0.000661 3.377661 1 images0288.ToneMapper.dst.1.RGBA.png

289 -0.428430 -0.113551 0.866896 0.228136 0.016084 0.000290 3.378252 1 images0289.ToneMapper.dst.1.RGBA.png

290 -0.473259 -0.126536 0.842770 0.223053 0.015448 -0.001727 3.383699 1 images0290.ToneMapper.dst.1.RGBA.png

291 0.517061 0.138518 -0.816511 -0.216265 0.014522 -0.001446 3.382937 1 images0291.ToneMapper.dst.1.RGBA.png

292 0.558985 0.150042 -0.788358 -0.208601 0.012513 -0.000648 3.385369 1 images0292.ToneMapper.dst.1.RGBA.png

293 0.599713 0.161005 -0.757681 -0.200853 0.011914 -0.000778 3.385333 1 images0293.ToneMapper.dst.1.RGBA.png

294 0.638658 0.170896 -0.725315 -0.191908 0.010623 0.001176 3.379875 1 images0294.ToneMapper.dst.1.RGBA.png

295 0.675280 0.181629 -0.690989 -0.183144 0.008588 0.000239 3.376649 1 images0295.ToneMapper.dst.1.RGBA.png

296 0.710908 0.191023 -0.654269 -0.173357 0.008494 0.000752 3.378494 1 images0296.ToneMapper.dst.1.RGBA.png

297 0.744357 0.199981 -0.615811 -0.163454 0.007762 0.001465 3.379519 1 images0297.ToneMapper.dst.1.RGBA.png

298 0.775449 0.208769 -0.575943 -0.152917 0.006412 0.001625 3.378590 1 images0298.ToneMapper.dst.1.RGBA.png

299 0.804751 0.216486 -0.534245 -0.141744 0.005429 0.002293 3.378934 1 images0299.ToneMapper.dst.1.RGBA.png

300 0.831936 0.222895 -0.491139 -0.130314 0.004944 0.003393 3.375439 1 images0300.ToneMapper.dst.1.RGBA.png

301 0.856238 0.230054 -0.447123 -0.118376 0.002564 0.003045 3.376636 1 images0301.ToneMapper.dst.1.RGBA.png

302 0.878341 0.235344 -0.402315 -0.106176 0.000467 0.003575 3.375543 1 images0302.ToneMapper.dst.1.RGBA.png

303 0.898004 0.240620 -0.356158 -0.094031 -0.001609 0.003956 3.373968 1 images0303.ToneMapper.dst.1.RGBA.png

304 0.915167 0.246010 -0.308746 -0.081392 -0.003525 0.003386 3.373631 1 images0304.ToneMapper.dst.1.RGBA.png

305 0.930289 0.249199 -0.260395 -0.068239 -0.005303 0.004202 3.375203 1 images0305.ToneMapper.dst.1.RGBA.png

306 0.942474 0.252655 -0.211759 -0.055374 -0.006208 0.003202 3.376032 1 images0306.ToneMapper.dst.1.RGBA.png

307 0.951909 0.256631 -0.161948 -0.042214 -0.007863 0.001395 3.375422 1 images0307.ToneMapper.dst.1.RGBA.png

308 0.959197 0.258006 -0.112012 -0.028760 -0.009600 0.001716 3.374255 1 images0308.ToneMapper.dst.1.RGBA.png

309 0.963629 0.259499 -0.062002 -0.015315 -0.010113 0.000587 3.376828 1 images0309.ToneMapper.dst.1.RGBA.png

310 0.965236 0.261112 -0.011728 -0.001633 -0.011826 -0.000904 3.380279 1 images0310.ToneMapper.dst.1.RGBA.png

311 0.861367 0.499458 0.079688 0.047316 -0.011948 0.002119 3.383009 1 images0311.ToneMapper.dst.1.RGBA.png

312 0.848382 0.491620 0.169464 0.099195 -0.013768 0.000085 3.384353 1 images0312.ToneMapper.dst.1.RGBA.png

313 0.825422 0.479294 0.258002 0.149638 -0.014140 -0.002868 3.386404 1 images0313.ToneMapper.dst.1.RGBA.png

314 0.793847 0.460759 0.343901 0.198089 -0.013035 -0.005036 3.388828 1 images0314.ToneMapper.dst.1.RGBA.png

315 0.753292 0.437601 0.425645 0.244710 -0.012400 -0.007692 3.387777 1 images0315.ToneMapper.dst.1.RGBA.png

316 0.704881 0.409559 0.501931 0.288911 -0.011645 -0.009646 3.385374 1 images0316.ToneMapper.dst.1.RGBA.png

317 0.648987 0.376182 0.573444 0.329340 -0.010100 -0.010795 3.384228 1 images0317.ToneMapper.dst.1.RGBA.png

318 0.585063 0.340612 0.637770 0.367335 -0.007455 -0.013409 3.393390 1 images0318.ToneMapper.dst.1.RGBA.png

319 0.514046 0.301082 0.696194 0.400526 -0.004542 -0.014450 3.393981 1 images0319.ToneMapper.dst.1.RGBA.png

320 0.437871 0.257666 0.746198 0.430192 -0.002460 -0.016300 3.395283 1 images0320.ToneMapper.dst.1.RGBA.png

321 0.357587 0.211261 0.788435 0.453730 0.001082 -0.015699 3.397389 1 images0321.ToneMapper.dst.1.RGBA.png

322 0.272612 0.163043 0.822188 0.472342 0.005437 -0.014977 3.397002 1 images0322.ToneMapper.dst.1.RGBA.png

323 0.185648 0.112082 0.846657 0.485947 0.007782 -0.014325 3.394939 1 images0323.ToneMapper.dst.1.RGBA.png

324 0.096570 0.060169 0.861492 0.494859 0.010849 -0.013326 3.393221 1 images0324.ToneMapper.dst.1.RGBA.png

325 0.005900 0.007798 0.867332 0.497635 0.013192 -0.010944 3.390850 1 images0325.ToneMapper.dst.1.RGBA.png

326 -0.082875 -0.045060 0.863800 0.494925 0.014519 -0.008548 3.386616 1 images0326.ToneMapper.dst.1.RGBA.png

327 -0.171952 -0.096991 0.850843 0.486921 0.015340 -0.004982 3.384938 1 images0327.ToneMapper.dst.1.RGBA.png

328 -0.259158 -0.147929 0.828541 0.473787 0.015941 -0.001973 3.382064 1 images0328.ToneMapper.dst.1.RGBA.png

329 -0.344325 -0.196535 0.797408 0.454922 0.015724 0.002682 3.379043 1 images0329.ToneMapper.dst.1.RGBA.png

330 -0.424911 -0.244293 0.757156 0.431841 0.013476 0.004543 3.377065 1 images0330.ToneMapper.dst.1.RGBA.png

331 0.500823 0.289027 -0.708726 -0.404162 0.012004 0.005519 3.374809 1 images0331.ToneMapper.dst.1.RGBA.png

332 0.572857 0.329955 -0.651389 -0.372367 0.011620 0.007083 3.374641 1 images0332.ToneMapper.dst.1.RGBA.png

333 0.638260 0.367144 -0.586746 -0.336984 0.011132 0.008542 3.374319 1 images0333.ToneMapper.dst.1.RGBA.png

334 0.696109 0.400265 -0.517101 -0.296357 0.007799 0.010684 3.372123 1 images0334.ToneMapper.dst.1.RGBA.png

335 0.745455 0.430306 -0.441430 -0.253519 0.004049 0.009656 3.373969 1 images0335.ToneMapper.dst.1.RGBA.png

336 0.787741 0.454120 -0.361020 -0.207130 0.000854 0.010406 3.375054 1 images0336.ToneMapper.dst.1.RGBA.png

337 0.820348 0.474442 -0.277042 -0.158689 -0.002912 0.008893 3.375820 1 images0337.ToneMapper.dst.1.RGBA.png

338 0.844591 0.488711 -0.190210 -0.107927 -0.005729 0.007841 3.375694 1 images0338.ToneMapper.dst.1.RGBA.png

339 0.859284 0.498101 -0.101557 -0.056678 -0.008964 0.004963 3.375792 1 images0339.ToneMapper.dst.1.RGBA.png

340 0.865074 0.501501 -0.011100 -0.004474 -0.011296 0.003820 3.379142 1 images0340.ToneMapper.dst.1.RGBA.png

341 0.731211 0.613755 0.226158 0.193620 -0.018099 -0.000659 3.385421 1 images0341.ToneMapper.dst.1.RGBA.png

342 0.622036 0.526574 0.443325 0.373168 -0.011583 -0.006790 3.391332 1 images0342.ToneMapper.dst.1.RGBA.png

343 0.456007 0.384563 0.614111 0.516756 -0.005995 -0.014811 3.388946 1 images0343.ToneMapper.dst.1.RGBA.png

344 0.240021 0.209799 0.728686 0.606127 0.005525 -0.013701 3.392204 1 images0344.ToneMapper.dst.1.RGBA.png

345 0.006472 0.010248 0.769090 0.639026 0.013766 -0.008398 3.391023 1 images0345.ToneMapper.dst.1.RGBA.png

346 -0.229610 -0.188296 0.736918 0.607269 0.017244 0.005813 3.389323 1 images0346.ToneMapper.dst.1.RGBA.png

347 -0.443226 -0.371368 0.627893 0.520948 0.011979 0.008488 3.381896 1 images0347.ToneMapper.dst.1.RGBA.png

348 0.614657 0.516252 -0.458827 -0.380996 0.006446 0.013445 3.375422 1 images0348.ToneMapper.dst.1.RGBA.png

349 0.726110 0.608972 -0.245652 -0.203893 -0.002893 0.014200 3.377999 1 images0349.ToneMapper.dst.1.RGBA.png

350 0.766322 0.642354 -0.009941 -0.005726 -0.010469 0.009194 3.381258 1 images0350.ToneMapper.dst.1.RGBA.png

